100
60.00 30.00 29.00 27.00 29.00 29.00 35.00 28.00 26.00 33.00 33.00 35.00 36.00 29.00 28.00 28.00 23.00 35.00 29.00 24.00 27.00 34.00 32.00 29.00 29.00 31.00 24.00 35.00 31.00 27.00 34.00 36.00 36.00 29.00 32.00 28.00 31.00 27.00 24.00 29.00 26.00 29.00 24.00 23.00 31.00 32.00 30.00 24.00 24.00 32.00 25.00 27.00 33.00 30.00 31.00 34.00 28.00 31.00 21.00 33.00 32.00 26.00 28.00 27.00 25.00 27.00 29.00 26.00 29.00 31.00 29.00 36.00 32.00 24.00 28.00 29.00 30.00 34.00 33.00 37.00 35.00 32.00 34.00 35.00 29.00 32.00 26.00 30.00 23.00 32.00 37.00 30.00 25.00 31.00 22.00 34.00 28.00 28.00 28.00 26.00
30.00 54.00 31.00 25.00 27.00 27.00 31.00 22.00 22.00 27.00 30.00 31.00 32.00 33.00 23.00 26.00 21.00 35.00 26.00 26.00 29.00 27.00 30.00 30.00 21.00 27.00 23.00 27.00 30.00 21.00 29.00 28.00 24.00 21.00 30.00 24.00 25.00 25.00 22.00 31.00 23.00 26.00 28.00 25.00 29.00 29.00 30.00 23.00 18.00 27.00 28.00 30.00 30.00 30.00 29.00 30.00 31.00 32.00 25.00 32.00 29.00 27.00 25.00 22.00 16.00 22.00 23.00 24.00 25.00 27.00 23.00 28.00 25.00 25.00 28.00 26.00 28.00 27.00 24.00 30.00 31.00 31.00 28.00 30.00 24.00 33.00 28.00 25.00 17.00 27.00 28.00 29.00 27.00 25.00 21.00 30.00 26.00 27.00 22.00 22.00
29.00 31.00 53.00 21.00 28.00 30.00 28.00 18.00 24.00 29.00 22.00 26.00 31.00 24.00 25.00 24.00 23.00 30.00 25.00 30.00 28.00 25.00 31.00 27.00 24.00 27.00 22.00 27.00 29.00 25.00 32.00 26.00 28.00 22.00 29.00 25.00 24.00 23.00 21.00 23.00 24.00 25.00 22.00 22.00 27.00 29.00 23.00 22.00 21.00 27.00 27.00 23.00 34.00 27.00 23.00 25.00 31.00 28.00 19.00 30.00 22.00 29.00 23.00 24.00 22.00 25.00 28.00 25.00 22.00 29.00 23.00 31.00 26.00 23.00 27.00 30.00 26.00 26.00 23.00 29.00 28.00 22.00 22.00 27.00 21.00 30.00 27.00 29.00 17.00 29.00 35.00 25.00 25.00 31.00 19.00 28.00 26.00 22.00 33.00 25.00
27.00 25.00 21.00 45.00 18.00 27.00 24.00 18.00 17.00 21.00 26.00 29.00 27.00 25.00 21.00 21.00 21.00 26.00 20.00 18.00 22.00 21.00 27.00 24.00 22.00 25.00 23.00 24.00 28.00 20.00 23.00 26.00 27.00 17.00 22.00 22.00 23.00 19.00 17.00 26.00 20.00 17.00 23.00 20.00 20.00 19.00 24.00 19.00 17.00 21.00 19.00 20.00 27.00 24.00 17.00 25.00 23.00 24.00 17.00 29.00 21.00 22.00 24.00 17.00 21.00 16.00 24.00 19.00 24.00 20.00 23.00 24.00 23.00 19.00 19.00 21.00 19.00 21.00 25.00 24.00 27.00 25.00 22.00 26.00 23.00 26.00 21.00 18.00 20.00 23.00 25.00 21.00 20.00 25.00 23.00 23.00 25.00 19.00 26.00 18.00
29.00 27.00 28.00 18.00 49.00 26.00 30.00 18.00 23.00 25.00 21.00 25.00 24.00 23.00 23.00 23.00 26.00 24.00 23.00 20.00 25.00 24.00 27.00 23.00 23.00 24.00 24.00 26.00 30.00 22.00 29.00 24.00 25.00 23.00 26.00 24.00 25.00 21.00 20.00 25.00 21.00 20.00 19.00 22.00 22.00 27.00 25.00 17.00 20.00 26.00 27.00 20.00 26.00 22.00 21.00 28.00 31.00 25.00 20.00 28.00 23.00 25.00 22.00 24.00 24.00 22.00 17.00 26.00 23.00 27.00 20.00 27.00 25.00 22.00 31.00 21.00 25.00 22.00 23.00 31.00 26.00 27.00 27.00 24.00 18.00 28.00 21.00 25.00 20.00 25.00 31.00 25.00 22.00 25.00 26.00 25.00 24.00 22.00 24.00 22.00
29.00 27.00 30.00 27.00 26.00 51.00 25.00 24.00 20.00 26.00 27.00 30.00 30.00 29.00 23.00 24.00 22.00 28.00 19.00 21.00 22.00 20.00 29.00 25.00 22.00 30.00 18.00 26.00 27.00 22.00 30.00 24.00 29.00 19.00 26.00 21.00 27.00 24.00 18.00 28.00 20.00 22.00 24.00 24.00 26.00 24.00 25.00 23.00 21.00 23.00 25.00 26.00 29.00 26.00 23.00 28.00 27.00 24.00 19.00 26.00 26.00 22.00 26.00 27.00 20.00 21.00 24.00 23.00 29.00 23.00 24.00 31.00 29.00 18.00 25.00 28.00 24.00 20.00 27.00 29.00 27.00 26.00 22.00 23.00 25.00 27.00 24.00 24.00 17.00 25.00 32.00 27.00 22.00 31.00 28.00 25.00 30.00 22.00 32.00 22.00
35.00 31.00 28.00 24.00 30.00 25.00 59.00 23.00 31.00 32.00 26.00 33.00 30.00 29.00 29.00 30.00 31.00 35.00 26.00 31.00 28.00 33.00 35.00 34.00 24.00 31.00 27.00 29.00 30.00 23.00 33.00 33.00 33.00 30.00 32.00 29.00 30.00 30.00 27.00 27.00 28.00 26.00 25.00 27.00 33.00 28.00 28.00 26.00 25.00 33.00 30.00 27.00 33.00 34.00 30.00 32.00 35.00 30.00 23.00 34.00 28.00 29.00 25.00 29.00 23.00 28.00 29.00 26.00 26.00 33.00 29.00 33.00 28.00 27.00 35.00 23.00 31.00 29.00 29.00 35.00 34.00 31.00 30.00 32.00 25.00 32.00 28.00 27.00 23.00 35.00 33.00 27.00 30.00 33.00 26.00 35.00 28.00 27.00 29.00 28.00
28.00 22.00 18.00 18.00 18.00 24.00 23.00 43.00 17.00 23.00 25.00 30.00 24.00 19.00 17.00 23.00 19.00 26.00 21.00 19.00 20.00 21.00 24.00 19.00 20.00 26.00 19.00 28.00 19.00 12.00 23.00 25.00 16.00 16.00 23.00 17.00 23.00 19.00 14.00 20.00 17.00 23.00 17.00 23.00 20.00 23.00 19.00 23.00 13.00 23.00 21.00 21.00 23.00 18.00 23.00 24.00 22.00 23.00 17.00 20.00 17.00 21.00 19.00 19.00 17.00 17.00 20.00 20.00 18.00 20.00 18.00 25.00 20.00 12.00 21.00 20.00 20.00 22.00 23.00 28.00 25.00 22.00 24.00 19.00 24.00 21.00 20.00 21.00 13.00 23.00 23.00 24.00 19.00 26.00 18.00 24.00 20.00 28.00 21.00 19.00
26.00 22.00 24.00 17.00 23.00 20.00 31.00 17.00 47.00 25.00 15.00 23.00 25.00 28.00 20.00 18.00 23.00 22.00 22.00 26.00 24.00 28.00 28.00 28.00 23.00 23.00 17.00 28.00 24.00 21.00 23.00 26.00 24.00 23.00 23.00 24.00 21.00 25.00 21.00 21.00 22.00 20.00 19.00 20.00 26.00 26.00 28.00 21.00 21.00 29.00 24.00 27.00 27.00 24.00 25.00 24.00 29.00 24.00 20.00 30.00 22.00 23.00 24.00 21.00 25.00 28.00 19.00 25.00 22.00 28.00 26.00 27.00 18.00 21.00 25.00 20.00 23.00 20.00 25.00 25.00 24.00 24.00 19.00 21.00 18.00 29.00 26.00 24.00 25.00 32.00 24.00 21.00 29.00 25.00 19.00 24.00 22.00 21.00 27.00 24.00
33.00 27.00 29.00 21.00 25.00 26.00 32.00 23.00 25.00 53.00 27.00 30.00 29.00 31.00 25.00 30.00 22.00 31.00 23.00 22.00 26.00 32.00 33.00 30.00 25.00 30.00 21.00 30.00 27.00 21.00 29.00 30.00 24.00 27.00 30.00 24.00 26.00 21.00 20.00 23.00 25.00 25.00 21.00 26.00 28.00 25.00 28.00 22.00 26.00 25.00 30.00 25.00 33.00 24.00 26.00 28.00 30.00 25.00 21.00 33.00 24.00 25.00 25.00 25.00 25.00 23.00 23.00 21.00 27.00 26.00 20.00 33.00 23.00 20.00 27.00 26.00 28.00 23.00 31.00 32.00 27.00 29.00 27.00 28.00 25.00 33.00 27.00 21.00 21.00 26.00 29.00 23.00 27.00 33.00 26.00 31.00 28.00 25.00 25.00 25.00
33.00 30.00 22.00 26.00 21.00 27.00 26.00 25.00 15.00 27.00 54.00 32.00 27.00 28.00 21.00 28.00 21.00 31.00 24.00 21.00 27.00 28.00 31.00 22.00 23.00 27.00 26.00 36.00 30.00 24.00 32.00 29.00 25.00 25.00 25.00 22.00 31.00 27.00 23.00 30.00 23.00 29.00 20.00 26.00 31.00 25.00 24.00 18.00 17.00 29.00 27.00 25.00 28.00 26.00 26.00 33.00 32.00 30.00 21.00 28.00 26.00 25.00 26.00 21.00 21.00 19.00 30.00 25.00 32.00 24.00 28.00 33.00 27.00 26.00 25.00 26.00 24.00 25.00 32.00 33.00 33.00 29.00 29.00 32.00 29.00 31.00 27.00 24.00 18.00 23.00 30.00 25.00 23.00 27.00 24.00 33.00 30.00 31.00 27.00 21.00
35.00 31.00 26.00 29.00 25.00 30.00 33.00 30.00 23.00 30.00 32.00 59.00 36.00 32.00 29.00 29.00 25.00 35.00 22.00 23.00 31.00 33.00 32.00 29.00 28.00 35.00 32.00 36.00 26.00 21.00 33.00 33.00 30.00 27.00 30.00 25.00 31.00 24.00 26.00 24.00 30.00 27.00 26.00 30.00 35.00 33.00 30.00 23.00 23.00 30.00 29.00 29.00 34.00 29.00 28.00 36.00 28.00 30.00 26.00 27.00 27.00 28.00 27.00 31.00 26.00 23.00 27.00 25.00 26.00 30.00 26.00 32.00 27.00 22.00 32.00 28.00 31.00 26.00 32.00 34.00 33.00 30.00 33.00 32.00 29.00 31.00 24.00 26.00 20.00 30.00 33.00 30.00 28.00 31.00 25.00 35.00 30.00 33.00 28.00 27.00
36.00 32.00 31.00 27.00 24.00 30.00 30.00 24.00 25.00 29.00 27.00 36.00 58.00 30.00 29.00 26.00 21.00 34.00 21.00 26.00 28.00 32.00 33.00 28.00 25.00 28.00 19.00 33.00 29.00 27.00 34.00 31.00 35.00 28.00 26.00 27.00 32.00 30.00 20.00 28.00 30.00 29.00 27.00 27.00 28.00 33.00 31.00 24.00 27.00 29.00 27.00 30.00 36.00 30.00 31.00 29.00 32.00 31.00 27.00 22.00 23.00 29.00 28.00 30.00 25.00 27.00 31.00 24.00 24.00 33.00 30.00 35.00 27.00 24.00 32.00 33.00 25.00 31.00 30.00 33.00 33.00 28.00 28.00 31.00 30.00 36.00 27.00 29.00 21.00 31.00 35.00 29.00 26.00 35.00 25.00 26.00 29.00 23.00 30.00 27.00
29.00 33.00 24.00 25.00 23.00 29.00 29.00 19.00 28.00 31.00 28.00 32.00 30.00 54.00 25.00 23.00 21.00 28.00 19.00 21.00 28.00 35.00 28.00 29.00 23.00 24.00 22.00 28.00 29.00 23.00 32.00 27.00 28.00 26.00 23.00 22.00 25.00 27.00 20.00 26.00 28.00 24.00 22.00 27.00 26.00 30.00 31.00 24.00 28.00 25.00 30.00 29.00 31.00 28.00 34.00 33.00 32.00 27.00 27.00 32.00 30.00 28.00 24.00 29.00 22.00 29.00 25.00 23.00 29.00 28.00 27.00 32.00 28.00 25.00 29.00 29.00 24.00 24.00 32.00 29.00 27.00 28.00 31.00 27.00 25.00 34.00 25.00 26.00 22.00 29.00 32.00 23.00 27.00 28.00 27.00 31.00 29.00 28.00 28.00 28.00
28.00 23.00 25.00 21.00 23.00 23.00 29.00 17.00 20.00 25.00 21.00 29.00 29.00 25.00 47.00 19.00 20.00 28.00 14.00 21.00 22.00 23.00 27.00 24.00 21.00 23.00 21.00 26.00 21.00 24.00 27.00 25.00 28.00 21.00 29.00 22.00 24.00 23.00 18.00 21.00 19.00 21.00 18.00 23.00 23.00 25.00 21.00 20.00 23.00 22.00 23.00 25.00 31.00 24.00 25.00 26.00 27.00 23.00 18.00 24.00 23.00 25.00 24.00 25.00 21.00 23.00 26.00 19.00 20.00 22.00 23.00 28.00 24.00 23.00 23.00 23.00 23.00 26.00 28.00 28.00 23.00 23.00 27.00 26.00 21.00 27.00 24.00 23.00 22.00 32.00 31.00 16.00 24.00 30.00 22.00 23.00 20.00 22.00 26.00 21.00
28.00 26.00 24.00 21.00 23.00 24.00 30.00 23.00 18.00 30.00 28.00 29.00 26.00 23.00 19.00 49.00 20.00 29.00 21.00 18.00 25.00 27.00 30.00 26.00 23.00 25.00 24.00 29.00 27.00 18.00 30.00 25.00 26.00 23.00 28.00 20.00 25.00 18.00 18.00 23.00 21.00 19.00 20.00 26.00 23.00 28.00 21.00 22.00 20.00 25.00 26.00 19.00 26.00 24.00 26.00 26.00 25.00 27.00 22.00 25.00 23.00 22.00 22.00 19.00 24.00 22.00 25.00 23.00 25.00 27.00 22.00 28.00 24.00 20.00 28.00 24.00 22.00 25.00 25.00 24.00 31.00 18.00 28.00 29.00 22.00 27.00 29.00 20.00 19.00 25.00 28.00 23.00 25.00 28.00 25.00 27.00 30.00 27.00 25.00 21.00
23.00 21.00 23.00 21.00 26.00 22.00 31.00 19.00 23.00 22.00 21.00 25.00 21.00 21.00 20.00 20.00 45.00 23.00 21.00 21.00 21.00 23.00 27.00 28.00 22.00 29.00 25.00 24.00 25.00 16.00 29.00 21.00 20.00 19.00 26.00 21.00 25.00 23.00 21.00 19.00 25.00 18.00 19.00 24.00 24.00 19.00 21.00 17.00 20.00 28.00 27.00 20.00 26.00 19.00 20.00 24.00 30.00 22.00 16.00 21.00 18.00 24.00 18.00 20.00 24.00 20.00 19.00 16.00 23.00 25.00 24.00 25.00 19.00 19.00 26.00 21.00 24.00 22.00 24.00 27.00 27.00 26.00 24.00 22.00 16.00 23.00 21.00 24.00 20.00 26.00 26.00 21.00 23.00 27.00 21.00 25.00 19.00 23.00 26.00 16.00
35.00 35.00 30.00 26.00 24.00 28.00 35.00 26.00 22.00 31.00 31.00 35.00 34.00 28.00 28.00 29.00 23.00 57.00 24.00 25.00 26.00 27.00 33.00 28.00 23.00 27.00 23.00 32.00 29.00 22.00 37.00 30.00 30.00 22.00 31.00 25.00 27.00 29.00 23.00 24.00 22.00 25.00 24.00 24.00 29.00 29.00 24.00 26.00 24.00 30.00 25.00 28.00 33.00 31.00 29.00 29.00 29.00 35.00 24.00 29.00 25.00 27.00 31.00 25.00 22.00 21.00 30.00 25.00 27.00 25.00 28.00 33.00 29.00 27.00 30.00 28.00 27.00 26.00 32.00 31.00 30.00 29.00 29.00 30.00 26.00 32.00 26.00 23.00 23.00 33.00 33.00 26.00 28.00 34.00 26.00 35.00 28.00 33.00 25.00 26.00
29.00 26.00 25.00 20.00 23.00 19.00 26.00 21.00 22.00 23.00 24.00 22.00 21.00 19.00 14.00 21.00 21.00 24.00 44.00 16.00 20.00 24.00 23.00 20.00 15.00 21.00 19.00 27.00 25.00 17.00 26.00 26.00 20.00 17.00 21.00 22.00 21.00 22.00 19.00 19.00 15.00 19.00 19.00 25.00 23.00 21.00 23.00 17.00 12.00 29.00 22.00 22.00 23.00 16.00 24.00 23.00 25.00 24.00 19.00 25.00 19.00 23.00 18.00 15.00 17.00 21.00 17.00 22.00 23.00 25.00 16.00 21.00 19.00 20.00 24.00 22.00 22.00 24.00 23.00 23.00 25.00 21.00 28.00 25.00 20.00 25.00 19.00 19.00 16.00 20.00 22.00 22.00 19.00 23.00 15.00 27.00 23.00 25.00 19.00 19.00
24.00 26.00 30.00 18.00 20.00 21.00 31.00 19.00 26.00 22.00 21.00 23.00 26.00 21.00 21.00 18.00 21.00 25.00 16.00 47.00 25.00 25.00 28.00 24.00 21.00 23.00 18.00 24.00 27.00 21.00 22.00 25.00 26.00 22.00 23.00 25.00 23.00 27.00 21.00 21.00 21.00 23.00 21.00 18.00 29.00 25.00 21.00 21.00 20.00 22.00 20.00 24.00 26.00 20.00 24.00 27.00 27.00 28.00 19.00 29.00 19.00 25.00 25.00 18.00 18.00 18.00 27.00 22.00 24.00 27.00 27.00 30.00 23.00 20.00 24.00 21.00 17.00 26.00 23.00 30.00 32.00 25.00 17.00 23.00 20.00 24.00 26.00 20.00 17.00 28.00 29.00 24.00 26.00 26.00 19.00 26.00 17.00 23.00 29.00 21.00
27.00 29.00 28.00 22.00 25.00 22.00 28.00 20.00 24.00 26.00 27.00 31.00 28.00 28.00 22.00 25.00 21.00 26.00 20.00 25.00 52.00 35.00 31.00 25.00 23.00 24.00 23.00 31.00 29.00 18.00 31.00 27.00 26.00 25.00 23.00 22.00 26.00 22.00 25.00 25.00 24.00 24.00 20.00 25.00 31.00 28.00 26.00 18.00 20.00 24.00 27.00 23.00 28.00 26.00 26.00 33.00 29.00 28.00 22.00 29.00 25.00 26.00 26.00 23.00 25.00 26.00 22.00 21.00 25.00 28.00 24.00 32.00 20.00 27.00 29.00 22.00 22.00 26.00 28.00 30.00 33.00 22.00 23.00 30.00 24.00 28.00 26.00 25.00 23.00 25.00 29.00 24.00 27.00 21.00 19.00 27.00 27.00 25.00 27.00 26.00
34.00 27.00 25.00 21.00 24.00 20.00 33.00 21.00 28.00 32.00 28.00 33.00 32.00 35.00 23.00 27.00 23.00 27.00 24.00 25.00 35.00 56.00 34.00 31.00 25.00 25.00 25.00 31.00 31.00 26.00 30.00 28.00 30.00 28.00 28.00 21.00 29.00 23.00 24.00 26.00 26.00 26.00 24.00 25.00 28.00 32.00 31.00 20.00 24.00 29.00 26.00 27.00 36.00 30.00 34.00 31.00 31.00 34.00 24.00 32.00 24.00 28.00 27.00 27.00 29.00 29.00 31.00 26.00 29.00 33.00 24.00 36.00 24.00 26.00 32.00 26.00 24.00 30.00 34.00 29.00 35.00 27.00 33.00 31.00 24.00 33.00 29.00 31.00 23.00 32.00 33.00 26.00 29.00 27.00 20.00 34.00 28.00 25.00 28.00 26.00
32.00 30.00 31.00 27.00 27.00 29.00 35.00 24.00 28.00 33.00 31.00 32.00 33.00 28.00 27.00 30.00 27.00 33.00 23.00 28.00 31.00 34.00 59.00 31.00 28.00 30.00 27.00 35.00 33.00 25.00 31.00 31.00 36.00 26.00 34.00 27.00 34.00 29.00 29.00 28.00 27.00 29.00 19.00 27.00 28.00 27.00 30.00 24.00 22.00 31.00 33.00 26.00 36.00 29.00 29.00 31.00 37.00 35.00 21.00 31.00 25.00 28.00 27.00 27.00 30.00 24.00 29.00 30.00 30.00 32.00 31.00 34.00 26.00 26.00 30.00 30.00 24.00 31.00 32.00 33.00 37.00 30.00 29.00 32.00 24.00 31.00 27.00 29.00 27.00 31.00 35.00 28.00 28.00 29.00 27.00 32.00 31.00 29.00 28.00 26.00
29.00 30.00 27.00 24.00 23.00 25.00 34.00 19.00 28.00 30.00 22.00 29.00 28.00 29.00 24.00 26.00 28.00 28.00 20.00 24.00 25.00 31.00 31.00 51.00 24.00 26.00 23.00 27.00 31.00 19.00 25.00 26.00 24.00 25.00 32.00 25.00 25.00 22.00 20.00 27.00 27.00 23.00 21.00 25.00 27.00 28.00 28.00 22.00 23.00 29.00 23.00 24.00 28.00 27.00 23.00 31.00 27.00 27.00 23.00 29.00 28.00 27.00 23.00 21.00 23.00 22.00 24.00 19.00 21.00 28.00 22.00 30.00 22.00 22.00 27.00 21.00 21.00 24.00 27.00 29.00 30.00 28.00 29.00 26.00 20.00 29.00 25.00 26.00 21.00 31.00 30.00 20.00 30.00 26.00 20.00 30.00 25.00 22.00 27.00 17.00
29.00 21.00 24.00 22.00 23.00 22.00 24.00 20.00 23.00 25.00 23.00 28.00 25.00 23.00 21.00 23.00 22.00 23.00 15.00 21.00 23.00 25.00 28.00 24.00 47.00 28.00 22.00 30.00 22.00 22.00 29.00 22.00 20.00 20.00 23.00 23.00 24.00 23.00 19.00 21.00 24.00 24.00 18.00 24.00 22.00 26.00 24.00 20.00 17.00 21.00 20.00 21.00 27.00 19.00 23.00 22.00 24.00 27.00 16.00 24.00 23.00 23.00 25.00 23.00 24.00 17.00 24.00 18.00 23.00 25.00 25.00 27.00 21.00 23.00 22.00 25.00 20.00 22.00 24.00 29.00 22.00 23.00 22.00 32.00 24.00 30.00 23.00 22.00 22.00 29.00 32.00 20.00 30.00 22.00 25.00 23.00 23.00 21.00 25.00 24.00
31.00 27.00 27.00 25.00 24.00 30.00 31.00 26.00 23.00 30.00 27.00 35.00 28.00 24.00 23.00 25.00 29.00 27.00 21.00 23.00 24.00 25.00 30.00 26.00 28.00 52.00 27.00 34.00 27.00 20.00 27.00 26.00 27.00 19.00 28.00 27.00 24.00 19.00 23.00 25.00 27.00 24.00 20.00 26.00 27.00 23.00 24.00 21.00 24.00 25.00 27.00 27.00 29.00 26.00 19.00 27.00 31.00 23.00 17.00 25.00 19.00 21.00 26.00 24.00 24.00 22.00 23.00 19.00 26.00 29.00 25.00 29.00 22.00 16.00 25.00 28.00 28.00 25.00 26.00 31.00 28.00 31.00 30.00 31.00 26.00 30.00 26.00 24.00 20.00 25.00 27.00 27.00 25.00 29.00 21.00 24.00 26.00 26.00 25.00 26.00
24.00 23.00 22.00 23.00 24.00 18.00 27.00 19.00 17.00 21.00 26.00 32.00 19.00 22.00 21.00 24.00 25.00 23.00 19.00 18.00 23.00 25.00 27.00 23.00 22.00 27.00 46.00 25.00 21.00 20.00 26.00 22.00 21.00 19.00 26.00 21.00 24.00 15.00 22.00 20.00 23.00 21.00 18.00 20.00 23.00 22.00 23.00 15.00 18.00 27.00 29.00 22.00 26.00 21.00 17.00 29.00 26.00 26.00 15.00 28.00 19.00 21.00 17.00 19.00 18.00 20.00 23.00 21.00 20.00 23.00 20.00 23.00 19.00 16.00 32.00 16.00 24.00 21.00 22.00 30.00 26.00 26.00 30.00 26.00 19.00 21.00 22.00 22.00 17.00 23.00 24.00 19.00 22.00 24.00 19.00 27.00 26.00 27.00 21.00 19.00
35.00 27.00 27.00 24.00 26.00 26.00 29.00 28.00 28.00 30.00 36.00 36.00 33.00 28.00 26.00 29.00 24.00 32.00 27.00 24.00 31.00 31.00 35.00 27.00 30.00 34.00 25.00 59.00 29.00 21.00 33.00 32.00 29.00 23.00 31.00 26.00 34.00 27.00 25.00 30.00 30.00 30.00 19.00 29.00 31.00 28.00 30.00 22.00 23.00 33.00 30.00 27.00 32.00 25.00 30.00 32.00 34.00 34.00 20.00 26.00 26.00 27.00 34.00 26.00 28.00 26.00 29.00 29.00 24.00 30.00 30.00 36.00 28.00 26.00 29.00 28.00 26.00 29.00 33.00 37.00 28.00 26.00 33.00 38.00 33.00 36.00 29.00 27.00 25.00 31.00 33.00 28.00 30.00 27.00 25.00 32.00 32.00 31.00 27.00 31.00
31.00 30.00 29.00 28.00 30.00 27.00 30.00 19.00 24.00 27.00 30.00 26.00 29.00 29.00 21.00 27.00 25.00 29.00 25.00 27.00 29.00 31.00 33.00 31.00 22.00 27.00 21.00 29.00 54.00 25.00 32.00 26.00 29.00 23.00 27.00 24.00 26.00 26.00 23.00 28.00 24.00 20.00 21.00 21.00 21.00 26.00 28.00 19.00 20.00 31.00 27.00 25.00 32.00 25.00 25.00 31.00 30.00 25.00 24.00 33.00 25.00 28.00 23.00 18.00 27.00 25.00 26.00 23.00 27.00 33.00 27.00 31.00 31.00 24.00 23.00 29.00 22.00 27.00 28.00 31.00 35.00 29.00 30.00 29.00 20.00 36.00 25.00 25.00 23.00 25.00 32.00 24.00 29.00 26.00 22.00 29.00 23.00 27.00 28.00 21.00
27.00 21.00 25.00 20.00 22.00 22.00 23.00 12.00 21.00 21.00 24.00 21.00 27.00 23.00 24.00 18.00 16.00 22.00 17.00 21.00 18.00 26.00 25.00 19.00 22.00 20.00 20.00 21.00 25.00 46.00 25.00 21.00 32.00 23.00 22.00 20.00 24.00 24.00 20.00 22.00 22.00 21.00 18.00 17.00 21.00 26.00 24.00 18.00 21.00 26.00 18.00 21.00 26.00 26.00 22.00 22.00 26.00 26.00 20.00 26.00 20.00 22.00 21.00 23.00 22.00 21.00 23.00 20.00 22.00 23.00 22.00 23.00 20.00 20.00 23.00 24.00 17.00 23.00 28.00 29.00 22.00 20.00 24.00 23.00 22.00 27.00 22.00 23.00 18.00 27.00 28.00 16.00 24.00 28.00 21.00 20.00 23.00 21.00 26.00 23.00
34.00 29.00 32.00 23.00 29.00 30.00 33.00 23.00 23.00 29.00 32.00 33.00 34.00 32.00 27.00 30.00 29.00 37.00 26.00 22.00 31.00 30.00 31.00 25.00 29.00 27.00 26.00 33.00 32.00 25.00 60.00 27.00 30.00 25.00 29.00 25.00 30.00 32.00 25.00 25.00 26.00 29.00 24.00 31.00 30.00 30.00 27.00 21.00 25.00 31.00 29.00 28.00 30.00 30.00 34.00 31.00 32.00 31.00 21.00 26.00 26.00 31.00 28.00 32.00 28.00 28.00 31.00 22.00 28.00 36.00 28.00 38.00 29.00 30.00 31.00 31.00 29.00 28.00 29.00 34.00 29.00 28.00 32.00 34.00 26.00 36.00 24.00 34.00 26.00 32.00 36.00 24.00 28.00 33.00 28.00 31.00 31.00 32.00 30.00 26.00
36.00 28.00 26.00 26.00 24.00 24.00 33.00 25.00 26.00 30.00 29.00 33.00 31.00 27.00 25.00 25.00 21.00 30.00 26.00 25.00 27.00 28.00 31.00 26.00 22.00 26.00 22.00 32.00 26.00 21.00 27.00 54.00 30.00 26.00 26.00 26.00 27.00 27.00 22.00 25.00 24.00 27.00 22.00 25.00 30.00 24.00 25.00 20.00 22.00 32.00 26.00 27.00 34.00 26.00 30.00 31.00 26.00 32.00 25.00 31.00 23.00 27.00 22.00 26.00 26.00 25.00 25.00 23.00 24.00 28.00 24.00 31.00 25.00 19.00 26.00 22.00 22.00 29.00 30.00 30.00 32.00 24.00 26.00 34.00 29.00 32.00 23.00 23.00 21.00 29.00 32.00 28.00 24.00 28.00 25.00 30.00 27.00 25.00 28.00 27.00
36.00 24.00 28.00 27.00 25.00 29.00 33.00 16.00 24.00 24.00 25.00 30.00 35.00 28.00 28.00 26.00 20.00 30.00 20.00 26.00 26.00 30.00 36.00 24.00 20.00 27.00 21.00 29.00 29.00 32.00 30.00 30.00 55.00 28.00 27.00 23.00 26.00 27.00 25.00 24.00 27.00 26.00 19.00 23.00 30.00 30.00 28.00 20.00 24.00 26.00 24.00 23.00 31.00 29.00 28.00 28.00 27.00 32.00 20.00 30.00 26.00 27.00 27.00 25.00 26.00 27.00 30.00 28.00 27.00 32.00 30.00 29.00 33.00 19.00 27.00 27.00 23.00 28.00 33.00 28.00 35.00 28.00 26.00 29.00 24.00 31.00 23.00 27.00 19.00 30.00 35.00 25.00 26.00 31.00 26.00 24.00 28.00 24.00 32.00 28.00
29.00 21.00 22.00 17.00 23.00 19.00 30.00 16.00 23.00 27.00 25.00 27.00 28.00 26.00 21.00 23.00 19.00 22.00 17.00 22.00 25.00 28.00 26.00 25.00 20.00 19.00 19.00 23.00 23.00 23.00 25.00 26.00 28.00 47.00 20.00 22.00 24.00 28.00 22.00 22.00 24.00 24.00 16.00 23.00 26.00 30.00 22.00 19.00 25.00 27.00 19.00 18.00 25.00 23.00 23.00 27.00 28.00 23.00 22.00 24.00 23.00 28.00 21.00 23.00 20.00 24.00 19.00 21.00 24.00 28.00 24.00 26.00 23.00 21.00 31.00 20.00 22.00 22.00 26.00 29.00 27.00 23.00 23.00 24.00 20.00 25.00 20.00 24.00 19.00 24.00 28.00 18.00 25.00 26.00 23.00 25.00 17.00 23.00 24.00 26.00
32.00 30.00 29.00 22.00 26.00 26.00 32.00 23.00 23.00 30.00 25.00 30.00 26.00 23.00 29.00 28.00 26.00 31.00 21.00 23.00 23.00 28.00 34.00 32.00 23.00 28.00 26.00 31.00 27.00 22.00 29.00 26.00 27.00 20.00 51.00 23.00 28.00 22.00 23.00 28.00 21.00 26.00 24.00 22.00 26.00 25.00 26.00 24.00 21.00 26.00 28.00 23.00 28.00 28.00 24.00 27.00 25.00 28.00 19.00 29.00 25.00 20.00 25.00 22.00 22.00 23.00 26.00 20.00 22.00 29.00 22.00 28.00 26.00 26.00 26.00 21.00 27.00 29.00 30.00 29.00 31.00 24.00 32.00 27.00 18.00 29.00 23.00 25.00 24.00 29.00 33.00 28.00 27.00 26.00 24.00 27.00 28.00 25.00 23.00 20.00
28.00 24.00 25.00 22.00 24.00 21.00 29.00 17.00 24.00 24.00 22.00 25.00 27.00 22.00 22.00 20.00 21.00 25.00 22.00 25.00 22.00 21.00 27.00 25.00 23.00 27.00 21.00 26.00 24.00 20.00 25.00 26.00 23.00 22.00 23.00 46.00 20.00 23.00 19.00 21.00 22.00 20.00 21.00 22.00 22.00 26.00 23.00 17.00 21.00 23.00 20.00 21.00 25.00 22.00 21.00 26.00 28.00 19.00 20.00 23.00 20.00 22.00 20.00 17.00 17.00 19.00 18.00 16.00 24.00 25.00 25.00 29.00 18.00 19.00 27.00 22.00 21.00 19.00 22.00 26.00 25.00 26.00 23.00 30.00 26.00 30.00 25.00 19.00 22.00 27.00 28.00 20.00 22.00 23.00 23.00 27.00 24.00 21.00 20.00 19.00
31.00 25.00 24.00 23.00 25.00 27.00 30.00 23.00 21.00 26.00 31.00 31.00 32.00 25.00 24.00 25.00 25.00 27.00 21.00 23.00 26.00 29.00 34.00 25.00 24.00 24.00 24.00 34.00 26.00 24.00 30.00 27.00 26.00 24.00 28.00 20.00 52.00 25.00 19.00 28.00 24.00 24.00 23.00 27.00 26.00 23.00 27.00 22.00 22.00 29.00 28.00 23.00 30.00 28.00 26.00 30.00 32.00 31.00 21.00 26.00 27.00 26.00 28.00 26.00 24.00 25.00 29.00 22.00 24.00 28.00 28.00 32.00 28.00 24.00 29.00 24.00 19.00 27.00 31.00 33.00 28.00 26.00 25.00 31.00 26.00 29.00 26.00 25.00 21.00 28.00 29.00 28.00 28.00 29.00 25.00 28.00 28.00 28.00 28.00 26.00
27.00 25.00 23.00 19.00 21.00 24.00 30.00 19.00 25.00 21.00 27.00 24.00 30.00 27.00 23.00 18.00 23.00 29.00 22.00 27.00 22.00 23.00 29.00 22.00 23.00 19.00 15.00 27.00 26.00 24.00 32.00 27.00 27.00 28.00 22.00 23.00 25.00 49.00 19.00 21.00 21.00 25.00 19.00 23.00 26.00 26.00 24.00 21.00 22.00 28.00 22.00 26.00 28.00 24.00 25.00 29.00 30.00 27.00 20.00 24.00 26.00 24.00 24.00 24.00 21.00 24.00 27.00 23.00 28.00 28.00 30.00 31.00 23.00 26.00 25.00 25.00 17.00 23.00 28.00 28.00 28.00 25.00 24.00 22.00 18.00 30.00 19.00 22.00 20.00 31.00 31.00 22.00 28.00 28.00 24.00 25.00 21.00 25.00 22.00 24.00
24.00 22.00 21.00 17.00 20.00 18.00 27.00 14.00 21.00 20.00 23.00 26.00 20.00 20.00 18.00 18.00 21.00 23.00 19.00 21.00 25.00 24.00 29.00 20.00 19.00 23.00 22.00 25.00 23.00 20.00 25.00 22.00 25.00 22.00 23.00 19.00 19.00 19.00 43.00 18.00 19.00 19.00 12.00 20.00 28.00 21.00 22.00 14.00 16.00 18.00 22.00 18.00 18.00 19.00 18.00 26.00 22.00 22.00 15.00 24.00 21.00 17.00 20.00 22.00 16.00 23.00 19.00 15.00 21.00 21.00 19.00 19.00 15.00 19.00 25.00 18.00 24.00 23.00 24.00 29.00 26.00 23.00 24.00 27.00 15.00 19.00 19.00 23.00 17.00 22.00 26.00 19.00 19.00 21.00 19.00 20.00 19.00 22.00 19.00 20.00
29.00 31.00 23.00 26.00 25.00 28.00 27.00 20.00 21.00 23.00 30.00 24.00 28.00 26.00 21.00 23.00 19.00 24.00 19.00 21.00 25.00 26.00 28.00 27.00 21.00 25.00 20.00 30.00 28.00 22.00 25.00 25.00 24.00 22.00 28.00 21.00 28.00 21.00 18.00 50.00 20.00 24.00 20.00 19.00 26.00 24.00 26.00 26.00 22.00 26.00 24.00 25.00 29.00 29.00 21.00 28.00 27.00 29.00 22.00 30.00 24.00 25.00 24.00 16.00 21.00 22.00 22.00 25.00 25.00 30.00 23.00 32.00 26.00 25.00 27.00 25.00 19.00 23.00 27.00 30.00 29.00 24.00 26.00 27.00 27.00 30.00 28.00 23.00 21.00 24.00 29.00 27.00 26.00 24.00 23.00 24.00 25.00 19.00 23.00 25.00
26.00 23.00 24.00 20.00 21.00 20.00 28.00 17.00 22.00 25.00 23.00 30.00 30.00 28.00 19.00 21.00 25.00 22.00 15.00 21.00 24.00 26.00 27.00 27.00 24.00 27.00 23.00 30.00 24.00 22.00 26.00 24.00 27.00 24.00 21.00 22.00 24.00 21.00 19.00 20.00 47.00 23.00 18.00 24.00 25.00 26.00 23.00 20.00 21.00 28.00 26.00 21.00 25.00 23.00 22.00 30.00 29.00 24.00 19.00 23.00 19.00 25.00 22.00 26.00 25.00 20.00 24.00 18.00 15.00 25.00 25.00 24.00 23.00 15.00 25.00 21.00 24.00 25.00 27.00 32.00 26.00 22.00 26.00 24.00 19.00 28.00 21.00 22.00 14.00 25.00 27.00 23.00 25.00 29.00 20.00 25.00 19.00 26.00 23.00 24.00
29.00 26.00 25.00 17.00 20.00 22.00 26.00 23.00 20.00 25.00 29.00 27.00 29.00 24.00 21.00 19.00 18.00 25.00 19.00 23.00 24.00 26.00 29.00 23.00 24.00 24.00 21.00 30.00 20.00 21.00 29.00 27.00 26.00 24.00 26.00 20.00 24.00 25.00 19.00 24.00 23.00 48.00 21.00 23.00 28.00 29.00 24.00 18.00 18.00 25.00 24.00 21.00 27.00 24.00 26.00 25.00 27.00 27.00 19.00 24.00 18.00 23.00 22.00 23.00 19.00 19.00 22.00 21.00 22.00 29.00 20.00 26.00 22.00 21.00 27.00 24.00 21.00 25.00 26.00 30.00 25.00 25.00 28.00 29.00 25.00 26.00 23.00 26.00 19.00 27.00 26.00 21.00 23.00 19.00 20.00 20.00 27.00 26.00 25.00 19.00
24.00 28.00 22.00 23.00 19.00 24.00 25.00 17.00 19.00 21.00 20.00 26.00 27.00 22.00 18.00 20.00 19.00 24.00 19.00 21.00 20.00 24.00 19.00 21.00 18.00 20.00 18.00 19.00 21.00 18.00 24.00 22.00 19.00 16.00 24.00 21.00 23.00 19.00 12.00 20.00 18.00 21.00 43.00 19.00 24.00 22.00 29.00 20.00 15.00 24.00 20.00 24.00 26.00 23.00 23.00 23.00 20.00 23.00 19.00 26.00 21.00 17.00 19.00 23.00 18.00 18.00 21.00 20.00 22.00 21.00 19.00 24.00 23.00 22.00 24.00 19.00 22.00 20.00 17.00 23.00 24.00 23.00 23.00 23.00 18.00 25.00 27.00 21.00 16.00 25.00 25.00 24.00 23.00 25.00 20.00 22.00 22.00 17.00 22.00 18.00
23.00 25.00 22.00 20.00 22.00 24.00 27.00 23.00 20.00 26.00 26.00 30.00 27.00 27.00 23.00 26.00 24.00 24.00 25.00 18.00 25.00 25.00 27.00 25.00 24.00 26.00 20.00 29.00 21.00 17.00 31.00 25.00 23.00 23.00 22.00 22.00 27.00 23.00 20.00 19.00 24.00 23.00 19.00 48.00 28.00 26.00 23.00 23.00 23.00 23.00 24.00 21.00 26.00 18.00 29.00 26.00 27.00 21.00 21.00 22.00 22.00 27.00 19.00 25.00 19.00 24.00 21.00 21.00 22.00 23.00 19.00 26.00 21.00 22.00 27.00 26.00 21.00 25.00 24.00 24.00 29.00 22.00 28.00 26.00 24.00 24.00 24.00 24.00 19.00 26.00 31.00 25.00 27.00 26.00 25.00 28.00 28.00 28.00 22.00 19.00
31.00 29.00 27.00 20.00 22.00 26.00 33.00 20.00 26.00 28.00 31.00 35.00 28.00 26.00 23.00 23.00 24.00 29.00 23.00 29.00 31.00 28.00 28.00 27.00 22.00 27.00 23.00 31.00 21.00 21.00 30.00 30.00 30.00 26.00 26.00 22.00 26.00 26.00 28.00 26.00 25.00 28.00 24.00 28.00 54.00 29.00 28.00 17.00 21.00 31.00 26.00 24.00 27.00 27.00 27.00 31.00 24.00 30.00 22.00 29.00 27.00 25.00 26.00 27.00 20.00 24.00 27.00 23.00 30.00 28.00 25.00 30.00 22.00 25.00 28.00 22.00 24.00 25.00 29.00 31.00 31.00 26.00 25.00 28.00 27.00 27.00 29.00 28.00 18.00 28.00 32.00 29.00 28.00 25.00 21.00 27.00 28.00 25.00 28.00 25.00
32.00 29.00 29.00 19.00 27.00 24.00 28.00 23.00 26.00 25.00 25.00 33.00 33.00 30.00 25.00 28.00 19.00 29.00 21.00 25.00 28.00 32.00 27.00 28.00 26.00 23.00 22.00 28.00 26.00 26.00 30.00 24.00 30.00 30.00 25.00 26.00 23.00 26.00 21.00 24.00 26.00 29.00 22.00 26.00 29.00 54.00 30.00 26.00 24.00 26.00 24.00 26.00 28.00 28.00 32.00 28.00 31.00 28.00 25.00 26.00 25.00 29.00 28.00 24.00 21.00 26.00 28.00 22.00 26.00 31.00 26.00 29.00 24.00 21.00 32.00 27.00 27.00 30.00 24.00 28.00 30.00 25.00 28.00 30.00 26.00 30.00 30.00 28.00 19.00 34.00 33.00 27.00 27.00 28.00 22.00 27.00 31.00 29.00 28.00 25.00
30.00 30.00 23.00 24.00 25.00 25.00 28.00 19.00 28.00 28.00 24.00 30.00 31.00 31.00 21.00 21.00 21.00 24.00 23.00 21.00 26.00 31.00 30.00 28.00 24.00 24.00 23.00 30.00 28.00 24.00 27.00 25.00 28.00 22.00 26.00 23.00 27.00 24.00 22.00 26.00 23.00 24.00 29.00 23.00 28.00 30.00 52.00 25.00 21.00 27.00 28.00 27.00 30.00 28.00 29.00 30.00 27.00 30.00 20.00 33.00 28.00 23.00 24.00 26.00 24.00 26.00 25.00 25.00 26.00 29.00 24.00 29.00 22.00 22.00 26.00 25.00 21.00 21.00 24.00 28.00 27.00 28.00 30.00 24.00 24.00 35.00 24.00 24.00 22.00 27.00 28.00 25.00 28.00 28.00 21.00 23.00 27.00 21.00 22.00 24.00
24.00 23.00 22.00 19.00 17.00 23.00 26.00 23.00 21.00 22.00 18.00 23.00 24.00 24.00 20.00 22.00 17.00 26.00 17.00 21.00 18.00 20.00 24.00 22.00 20.00 21.00 15.00 22.00 19.00 18.00 21.00 20.00 20.00 19.00 24.00 17.00 22.00 21.00 14.00 26.00 20.00 18.00 20.00 23.00 17.00 26.00 25.00 43.00 21.00 20.00 19.00 21.00 23.00 21.00 23.00 21.00 24.00 23.00 20.00 24.00 20.00 22.00 19.00 20.00 15.00 21.00 20.00 20.00 23.00 22.00 21.00 23.00 23.00 21.00 23.00 23.00 19.00 20.00 17.00 25.00 24.00 17.00 24.00 16.00 21.00 20.00 21.00 18.00 21.00 27.00 24.00 25.00 27.00 28.00 23.00 24.00 22.00 21.00 23.00 24.00
24.00 18.00 21.00 17.00 20.00 21.00 25.00 13.00 21.00 26.00 17.00 23.00 27.00 28.00 23.00 20.00 20.00 24.00 12.00 20.00 20.00 24.00 22.00 23.00 17.00 24.00 18.00 23.00 20.00 21.00 25.00 22.00 24.00 25.00 21.00 21.00 22.00 22.00 16.00 22.00 21.00 18.00 15.00 23.00 21.00 24.00 21.00 21.00 43.00 21.00 25.00 18.00 25.00 26.00 20.00 24.00 27.00 19.00 20.00 21.00 17.00 22.00 19.00 24.00 23.00 23.00 19.00 16.00 20.00 21.00 19.00 26.00 19.00 21.00 29.00 23.00 17.00 15.00 26.00 28.00 21.00 21.00 24.00 21.00 20.00 27.00 23.00 18.00 21.00 27.00 28.00 19.00 23.00 27.00 21.00 21.00 23.00 22.00 19.00 22.00
32.00 27.00 27.00 21.00 26.00 23.00 33.00 23.00 29.00 25.00 29.00 30.00 29.00 25.00 22.00 25.00 28.00 30.00 29.00 22.00 24.00 29.00 31.00 29.00 21.00 25.00 27.00 33.00 31.00 26.00 31.00 32.00 26.00 27.00 26.00 23.00 29.00 28.00 18.00 26.00 28.00 25.00 24.00 23.00 31.00 26.00 27.00 20.00 21.00 55.00 27.00 26.00 31.00 27.00 26.00 29.00 32.00 31.00 24.00 31.00 22.00 31.00 22.00 26.00 29.00 24.00 23.00 30.00 26.00 33.00 29.00 30.00 27.00 23.00 30.00 25.00 24.00 26.00 28.00 33.00 27.00 26.00 29.00 28.00 22.00 35.00 27.00 28.00 23.00 31.00 31.00 21.00 27.00 28.00 22.00 32.00 22.00 28.00 28.00 29.00
25.00 28.00 27.00 19.00 27.00 25.00 30.00 21.00 24.00 30.00 27.00 29.00 27.00 30.00 23.00 26.00 27.00 25.00 22.00 20.00 27.00 26.00 33.00 23.00 20.00 27.00 29.00 30.00 27.00 18.00 29.00 26.00 24.00 19.00 28.00 20.00 28.00 22.00 22.00 24.00 26.00 24.00 20.00 24.00 26.00 24.00 28.00 19.00 25.00 27.00 51.00 27.00 31.00 27.00 28.00 29.00 34.00 27.00 20.00 28.00 23.00 22.00 23.00 25.00 25.00 22.00 24.00 21.00 23.00 27.00 22.00 28.00 22.00 22.00 32.00 24.00 25.00 23.00 27.00 32.00 29.00 27.00 31.00 25.00 20.00 31.00 27.00 25.00 19.00 27.00 30.00 25.00 23.00 28.00 23.00 24.00 27.00 29.00 22.00 25.00
27.00 30.00 23.00 20.00 20.00 26.00 27.00 21.00 27.00 25.00 25.00 29.00 30.00 29.00 25.00 19.00 20.00 28.00 22.00 24.00 23.00 27.00 26.00 24.00 21.00 27.00 22.00 27.00 25.00 21.00 28.00 27.00 23.00 18.00 23.00 21.00 23.00 26.00 18.00 25.00 21.00 21.00 24.00 21.00 24.00 26.00 27.00 21.00 18.00 26.00 27.00 50.00 31.00 20.00 28.00 28.00 28.00 30.00 21.00 27.00 25.00 24.00 26.00 24.00 21.00 20.00 27.00 26.00 24.00 27.00 26.00 34.00 22.00 20.00 25.00 23.00 25.00 25.00 28.00 28.00 25.00 27.00 26.00 28.00 18.00 25.00 26.00 20.00 15.00 30.00 27.00 25.00 25.00 27.00 17.00 24.00 24.00 22.00 25.00 26.00
33.00 30.00 34.00 27.00 26.00 29.00 33.00 23.00 27.00 33.00 28.00 34.00 36.00 31.00 31.00 26.00 26.00 33.00 23.00 26.00 28.00 36.00 36.00 28.00 27.00 29.00 26.00 32.00 32.00 26.00 30.00 34.00 31.00 25.00 28.00 25.00 30.00 28.00 18.00 29.00 25.00 27.00 26.00 26.00 27.00 28.00 30.00 23.00 25.00 31.00 31.00 31.00 59.00 32.00 29.00 32.00 33.00 37.00 23.00 33.00 26.00 28.00 24.00 30.00 29.00 27.00 29.00 27.00 22.00 29.00 29.00 37.00 30.00 22.00 29.00 33.00 25.00 25.00 33.00 31.00 35.00 28.00 30.00 30.00 27.00 34.00 32.00 30.00 23.00 32.00 36.00 28.00 32.00 32.00 27.00 34.00 28.00 23.00 34.00 28.00
30.00 30.00 27.00 24.00 22.00 26.00 34.00 18.00 24.00 24.00 26.00 29.00 30.00 28.00 24.00 24.00 19.00 31.00 16.00 20.00 26.00 30.00 29.00 27.00 19.00 26.00 21.00 25.00 25.00 26.00 30.00 26.00 29.00 23.00 28.00 22.00 28.00 24.00 19.00 29.00 23.00 24.00 23.00 18.00 27.00 28.00 28.00 21.00 26.00 27.00 27.00 20.00 32.00 51.00 24.00 27.00 29.00 28.00 19.00 30.00 26.00 21.00 28.00 26.00 24.00 26.00 26.00 20.00 21.00 29.00 25.00 28.00 21.00 24.00 26.00 23.00 25.00 19.00 28.00 29.00 28.00 23.00 26.00 24.00 23.00 32.00 30.00 30.00 24.00 31.00 32.00 23.00 25.00 30.00 21.00 24.00 27.00 23.00 24.00 25.00
31.00 29.00 23.00 17.00 21.00 23.00 30.00 23.00 25.00 26.00 26.00 28.00 31.00 34.00 25.00 26.00 20.00 29.00 24.00 24.00 26.00 34.00 29.00 23.00 23.00 19.00 17.00 30.00 25.00 22.00 34.00 30.00 28.00 23.00 24.00 21.00 26.00 25.00 18.00 21.00 22.00 26.00 23.00 29.00 27.00 32.00 29.00 23.00 20.00 26.00 28.00 28.00 29.00 24.00 52.00 26.00 28.00 33.00 23.00 24.00 24.00 24.00 28.00 24.00 25.00 25.00 26.00 24.00 26.00 30.00 25.00 32.00 25.00 23.00 25.00 24.00 23.00 30.00 25.00 23.00 26.00 22.00 26.00 30.00 28.00 28.00 27.00 27.00 21.00 27.00 31.00 21.00 25.00 26.00 24.00 28.00 30.00 27.00 25.00 26.00
34.00 30.00 25.00 25.00 28.00 28.00 32.00 24.00 24.00 28.00 33.00 36.00 29.00 33.00 26.00 26.00 24.00 29.00 23.00 27.00 33.00 31.00 31.00 31.00 22.00 27.00 29.00 32.00 31.00 22.00 31.00 31.00 28.00 27.00 27.00 26.00 30.00 29.00 26.00 28.00 30.00 25.00 23.00 26.00 31.00 28.00 30.00 21.00 24.00 29.00 29.00 28.00 32.00 27.00 26.00 58.00 32.00 32.00 24.00 34.00 32.00 24.00 25.00 26.00 27.00 23.00 29.00 26.00 25.00 30.00 31.00 36.00 29.00 23.00 31.00 23.00 27.00 28.00 36.00 36.00 36.00 28.00 36.00 31.00 24.00 30.00 27.00 26.00 19.00 32.00 33.00 31.00 27.00 33.00 25.00 32.00 28.00 32.00 27.00 29.00
28.00 31.00 31.00 23.00 31.00 27.00 35.00 22.00 29.00 30.00 32.00 28.00 32.00 32.00 27.00 25.00 30.00 29.00 25.00 27.00 29.00 31.00 37.00 27.00 24.00 31.00 26.00 34.00 30.00 26.00 32.00 26.00 27.00 28.00 25.00 28.00 32.00 30.00 22.00 27.00 29.00 27.00 20.00 27.00 24.00 31.00 27.00 24.00 27.00 32.00 34.00 28.00 33.00 29.00 28.00 32.00 58.00 31.00 20.00 29.00 24.00 30.00 31.00 27.00 27.00 25.00 25.00 24.00 30.00 30.00 28.00 35.00 25.00 25.00 33.00 34.00 28.00 26.00 30.00 34.00 33.00 32.00 28.00 33.00 27.00 33.00 33.00 28.00 25.00 32.00 33.00 26.00 28.00 34.00 24.00 31.00 30.00 28.00 33.00 28.00
31.00 32.00 28.00 24.00 25.00 24.00 30.00 23.00 24.00 25.00 30.00 30.00 31.00 27.00 23.00 27.00 22.00 35.00 24.00 28.00 28.00 34.00 35.00 27.00 27.00 23.00 26.00 34.00 25.00 26.00 31.00 32.00 32.00 23.00 28.00 19.00 31.00 27.00 22.00 29.00 24.00 27.00 23.00 21.00 30.00 28.00 30.00 23.00 19.00 31.00 27.00 30.00 37.00 28.00 33.00 32.00 31.00 57.00 23.00 30.00 28.00 26.00 27.00 27.00 31.00 26.00 29.00 29.00 27.00 29.00 30.00 37.00 26.00 25.00 30.00 26.00 20.00 29.00 32.00 32.00 30.00 28.00 28.00 32.00 28.00 32.00 29.00 27.00 20.00 29.00 34.00 25.00 30.00 29.00 21.00 30.00 28.00 26.00 33.00 32.00
21.00 25.00 19.00 17.00 20.00 19.00 23.00 17.00 20.00 21.00 21.00 26.00 27.00 27.00 18.00 22.00 16.00 24.00 19.00 19.00 22.00 24.00 21.00 23.00 16.00 17.00 15.00 20.00 24.00 20.00 21.00 25.00 20.00 22.00 19.00 20.00 21.00 20.00 15.00 22.00 19.00 19.00 19.00 21.00 22.00 25.00 20.00 20.00 20.00 24.00 20.00 21.00 23.00 19.00 23.00 24.00 20.00 23.00 42.00 18.00 19.00 22.00 17.00 20.00 20.00 22.00 17.00 18.00 20.00 22.00 23.00 24.00 21.00 21.00 26.00 23.00 16.00 21.00 23.00 22.00 26.00 22.00 24.00 23.00 21.00 25.00 21.00 14.00 17.00 24.00 25.00 21.00 23.00 21.00 20.00 20.00 20.00 24.00 20.00 22.00
33.00 32.00 30.00 29.00 28.00 26.00 34.00 20.00 30.00 33.00 28.00 27.00 22.00 32.00 24.00 25.00 21.00 29.00 25.00 29.00 29.00 32.00 31.00 29.00 24.00 25.00 28.00 26.00 33.00 26.00 26.00 31.00 30.00 24.00 29.00 23.00 26.00 24.00 24.00 30.00 23.00 24.00 26.00 22.00 29.00 26.00 33.00 24.00 21.00 31.00 28.00 27.00 33.00 30.00 24.00 34.00 29.00 30.00 18.00 55.00 30.00 25.00 28.00 23.00 23.00 25.00 27.00 28.00 28.00 28.00 23.00 31.00 29.00 23.00 24.00 22.00 24.00 24.00 29.00 32.00 33.00 29.00 28.00 27.00 22.00 33.00 31.00 26.00 21.00 30.00 31.00 23.00 28.00 31.00 25.00 30.00 27.00 27.00 31.00 26.00
32.00 29.00 22.00 21.00 23.00 26.00 28.00 17.00 22.00 24.00 26.00 27.00 23.00 30.00 23.00 23.00 18.00 25.00 19.00 19.00 25.00 24.00 25.00 28.00 23.00 19.00 19.00 26.00 25.00 20.00 26.00 23.00 26.00 23.00 25.00 20.00 27.00 26.00 21.00 24.00 19.00 18.00 21.00 22.00 27.00 25.00 28.00 20.00 17.00 22.00 23.00 25.00 26.00 26.00 24.00 32.00 24.00 28.00 19.00 30.00 48.00 19.00 23.00 24.00 20.00 26.00 25.00 23.00 22.00 23.00 26.00 32.00 24.00 24.00 23.00 22.00 21.00 22.00 26.00 28.00 30.00 27.00 25.00 24.00 21.00 26.00 23.00 24.00 19.00 27.00 31.00 21.00 27.00 24.00 19.00 27.00 26.00 20.00 27.00 20.00
26.00 27.00 29.00 22.00 25.00 22.00 29.00 21.00 23.00 25.00 25.00 28.00 29.00 28.00 25.00 22.00 24.00 27.00 23.00 25.00 26.00 28.00 28.00 27.00 23.00 21.00 21.00 27.00 28.00 22.00 31.00 27.00 27.00 28.00 20.00 22.00 26.00 24.00 17.00 25.00 25.00 23.00 17.00 27.00 25.00 29.00 23.00 22.00 22.00 31.00 22.00 24.00 28.00 21.00 24.00 24.00 30.00 26.00 22.00 25.00 19.00 50.00 17.00 23.00 21.00 20.00 27.00 24.00 24.00 28.00 26.00 30.00 25.00 22.00 27.00 30.00 24.00 25.00 27.00 33.00 27.00 23.00 25.00 28.00 23.00 29.00 20.00 24.00 20.00 28.00 27.00 22.00 25.00 25.00 19.00 27.00 19.00 25.00 26.00 20.00
28.00 25.00 23.00 24.00 22.00 26.00 25.00 19.00 24.00 25.00 26.00 27.00 28.00 24.00 24.00 22.00 18.00 31.00 18.00 25.00 26.00 27.00 27.00 23.00 25.00 26.00 17.00 34.00 23.00 21.00 28.00 22.00 27.00 21.00 25.00 20.00 28.00 24.00 20.00 24.00 22.00 22.00 19.00 19.00 26.00 28.00 24.00 19.00 19.00 22.00 23.00 26.00 24.00 28.00 28.00 25.00 31.00 27.00 17.00 28.00 23.00 17.00 49.00 23.00 23.00 17.00 25.00 20.00 24.00 29.00 24.00 29.00 25.00 22.00 24.00 24.00 22.00 24.00 28.00 28.00 26.00 24.00 20.00 27.00 23.00 27.00 28.00 22.00 19.00 28.00 29.00 24.00 27.00 28.00 23.00 22.00 25.00 25.00 27.00 29.00
27.00 22.00 24.00 17.00 24.00 27.00 29.00 19.00 21.00 25.00 21.00 31.00 30.00 29.00 25.00 19.00 20.00 25.00 15.00 18.00 23.00 27.00 27.00 21.00 23.00 24.00 19.00 26.00 18.00 23.00 32.00 26.00 25.00 23.00 22.00 17.00 26.00 24.00 22.00 16.00 26.00 23.00 23.00 25.00 27.00 24.00 26.00 20.00 24.00 26.00 25.00 24.00 30.00 26.00 24.00 26.00 27.00 27.00 20.00 23.00 24.00 23.00 23.00 48.00 22.00 21.00 25.00 19.00 20.00 22.00 25.00 25.00 24.00 21.00 25.00 26.00 22.00 20.00 23.00 33.00 23.00 22.00 25.00 23.00 20.00 24.00 21.00 26.00 17.00 29.00 31.00 20.00 23.00 25.00 22.00 22.00 24.00 20.00 27.00 27.00
25.00 16.00 22.00 21.00 24.00 20.00 23.00 17.00 25.00 25.00 21.00 26.00 25.00 22.00 21.00 24.00 24.00 22.00 17.00 18.00 25.00 29.00 30.00 23.00 24.00 24.00 18.00 28.00 27.00 22.00 28.00 26.00 26.00 20.00 22.00 17.00 24.00 21.00 16.00 21.00 25.00 19.00 18.00 19.00 20.00 21.00 24.00 15.00 23.00 29.00 25.00 21.00 29.00 24.00 25.00 27.00 27.00 31.00 20.00 23.00 20.00 21.00 23.00 22.00 46.00 22.00 21.00 22.00 20.00 28.00 23.00 30.00 21.00 21.00 23.00 23.00 16.00 19.00 28.00 24.00 26.00 19.00 22.00 23.00 18.00 31.00 24.00 23.00 21.00 23.00 27.00 19.00 23.00 30.00 19.00 21.00 21.00 24.00 28.00 24.00
27.00 22.00 25.00 16.00 22.00 21.00 28.00 17.00 28.00 23.00 19.00 23.00 27.00 29.00 23.00 22.00 20.00 21.00 21.00 18.00 26.00 29.00 24.00 22.00 17.00 22.00 20.00 26.00 25.00 21.00 28.00 25.00 27.00 24.00 23.00 19.00 25.00 24.00 23.00 22.00 20.00 19.00 18.00 24.00 24.00 26.00 26.00 21.00 23.00 24.00 22.00 20.00 27.00 26.00 25.00 23.00 25.00 26.00 22.00 25.00 26.00 20.00 17.00 21.00 22.00 47.00 22.00 21.00 22.00 28.00 20.00 26.00 20.00 20.00 26.00 22.00 23.00 23.00 26.00 23.00 26.00 24.00 25.00 24.00 22.00 29.00 26.00 26.00 23.00 25.00 29.00 20.00 26.00 28.00 20.00 23.00 26.00 22.00 25.00 23.00
29.00 23.00 28.00 24.00 17.00 24.00 29.00 20.00 19.00 23.00 30.00 27.00 31.00 25.00 26.00 25.00 19.00 30.00 17.00 27.00 22.00 31.00 29.00 24.00 24.00 23.00 23.00 29.00 26.00 23.00 31.00 25.00 30.00 19.00 26.00 18.00 29.00 27.00 19.00 22.00 24.00 22.00 21.00 21.00 27.00 28.00 25.00 20.00 19.00 23.00 24.00 27.00 29.00 26.00 26.00 29.00 25.00 29.00 17.00 27.00 25.00 27.00 25.00 25.00 21.00 22.00 50.00 25.00 25.00 25.00 31.00 33.00 26.00 23.00 22.00 23.00 22.00 29.00 28.00 27.00 29.00 23.00 26.00 27.00 22.00 30.00 24.00 25.00 15.00 32.00 31.00 27.00 22.00 29.00 19.00 24.00 26.00 23.00 27.00 22.00
26.00 24.00 25.00 19.00 26.00 23.00 26.00 20.00 25.00 21.00 25.00 25.00 24.00 23.00 19.00 23.00 16.00 25.00 22.00 22.00 21.00 26.00 30.00 19.00 18.00 19.00 21.00 29.00 23.00 20.00 22.00 23.00 28.00 21.00 20.00 16.00 22.00 23.00 15.00 25.00 18.00 21.00 20.00 21.00 23.00 22.00 25.00 20.00 16.00 30.00 21.00 26.00 27.00 20.00 24.00 26.00 24.00 29.00 18.00 28.00 23.00 24.00 20.00 19.00 22.00 21.00 25.00 47.00 26.00 25.00 28.00 30.00 27.00 19.00 27.00 21.00 24.00 22.00 23.00 24.00 27.00 20.00 22.00 20.00 17.00 25.00 23.00 24.00 17.00 26.00 27.00 23.00 24.00 24.00 18.00 30.00 23.00 22.00 24.00 21.00
29.00 25.00 22.00 24.00 23.00 29.00 26.00 18.00 22.00 27.00 32.00 26.00 24.00 29.00 20.00 25.00 23.00 27.00 23.00 24.00 25.00 29.00 30.00 21.00 23.00 26.00 20.00 24.00 27.00 22.00 28.00 24.00 27.00 24.00 22.00 24.00 24.00 28.00 21.00 25.00 15.00 22.00 22.00 22.00 30.00 26.00 26.00 23.00 20.00 26.00 23.00 24.00 22.00 21.00 26.00 25.00 30.00 27.00 20.00 28.00 22.00 24.00 24.00 20.00 20.00 22.00 25.00 26.00 50.00 30.00 29.00 30.00 24.00 24.00 28.00 26.00 21.00 23.00 27.00 25.00 27.00 28.00 25.00 28.00 24.00 27.00 26.00 21.00 23.00 25.00 28.00 23.00 25.00 23.00 26.00 28.00 29.00 20.00 29.00 23.00
31.00 27.00 29.00 20.00 27.00 23.00 33.00 20.00 28.00 26.00 24.00 30.00 33.00 28.00 22.00 27.00 25.00 25.00 25.00 27.00 28.00 33.00 32.00 28.00 25.00 29.00 23.00 30.00 33.00 23.00 36.00 28.00 32.00 28.00 29.00 25.00 28.00 28.00 21.00 30.00 25.00 29.00 21.00 23.00 28.00 31.00 29.00 22.00 21.00 33.00 27.00 27.00 29.00 29.00 30.00 30.00 30.00 29.00 22.00 28.00 23.00 28.00 29.00 22.00 28.00 28.00 25.00 25.00 30.00 56.00 30.00 35.00 27.00 23.00 32.00 30.00 22.00 26.00 28.00 31.00 33.00 26.00 29.00 32.00 24.00 34.00 27.00 27.00 26.00 29.00 30.00 24.00 32.00 29.00 22.00 25.00 24.00 25.00 30.00 31.00
29.00 23.00 23.00 23.00 20.00 24.00 29.00 18.00 26.00 20.00 28.00 26.00 30.00 27.00 23.00 22.00 24.00 28.00 16.00 27.00 24.00 24.00 31.00 22.00 25.00 25.00 20.00 30.00 27.00 22.00 28.00 24.00 30.00 24.00 22.00 25.00 28.00 30.00 19.00 23.00 25.00 20.00 19.00 19.00 25.00 26.00 24.00 21.00 19.00 29.00 22.00 26.00 29.00 25.00 25.00 31.00 28.00 30.00 23.00 23.00 26.00 26.00 24.00 25.00 23.00 20.00 31.00 28.00 29.00 30.00 50.00 32.00 29.00 21.00 25.00 25.00 22.00 24.00 26.00 31.00 30.00 26.00 23.00 30.00 20.00 30.00 25.00 20.00 23.00 28.00 29.00 21.00 28.00 25.00 24.00 24.00 24.00 23.00 28.00 27.00
36.00 28.00 31.00 24.00 27.00 31.00 33.00 25.00 27.00 33.00 33.00 32.00 35.00 32.00 28.00 28.00 25.00 33.00 21.00 30.00 32.00 36.00 34.00 30.00 27.00 29.00 23.00 36.00 31.00 23.00 38.00 31.00 29.00 26.00 28.00 29.00 32.00 31.00 19.00 32.00 24.00 26.00 24.00 26.00 30.00 29.00 29.00 23.00 26.00 30.00 28.00 34.00 37.00 28.00 32.00 36.00 35.00 37.00 24.00 31.00 32.00 30.00 29.00 25.00 30.00 26.00 33.00 30.00 30.00 35.00 32.00 60.00 29.00 28.00 28.00 34.00 24.00 29.00 30.00 34.00 35.00 31.00 30.00 31.00 28.00 35.00 32.00 27.00 24.00 33.00 36.00 26.00 31.00 33.00 21.00 35.00 29.00 25.00 34.00 28.00
32.00 25.00 26.00 23.00 25.00 29.00 28.00 20.00 18.00 23.00 27.00 27.00 27.00 28.00 24.00 24.00 19.00 29.00 19.00 23.00 20.00 24.00 26.00 22.00 21.00 22.00 19.00 28.00 31.00 20.00 29.00 25.00 33.00 23.00 26.00 18.00 28.00 23.00 15.00 26.00 23.00 22.00 23.00 21.00 22.00 24.00 22.00 23.00 19.00 27.00 22.00 22.00 30.00 21.00 25.00 29.00 25.00 26.00 21.00 29.00 24.00 25.00 25.00 24.00 21.00 20.00 26.00 27.00 24.00 27.00 29.00 29.00 50.00 23.00 25.00 26.00 25.00 24.00 24.00 26.00 31.00 24.00 26.00 26.00 20.00 31.00 22.00 20.00 17.00 26.00 35.00 26.00 28.00 28.00 27.00 29.00 26.00 27.00 29.00 27.00
24.00 25.00 23.00 19.00 22.00 18.00 27.00 12.00 21.00 20.00 26.00 22.00 24.00 25.00 23.00 20.00 19.00 27.00 20.00 20.00 27.00 26.00 26.00 22.00 23.00 16.00 16.00 26.00 24.00 20.00 30.00 19.00 19.00 21.00 26.00 19.00 24.00 26.00 19.00 25.00 15.00 21.00 22.00 22.00 25.00 21.00 22.00 21.00 21.00 23.00 22.00 20.00 22.00 24.00 23.00 23.00 25.00 25.00 21.00 23.00 24.00 22.00 22.00 21.00 21.00 20.00 23.00 19.00 24.00 23.00 21.00 28.00 23.00 45.00 26.00 23.00 19.00 23.00 24.00 25.00 24.00 20.00 25.00 22.00 20.00 26.00 21.00 21.00 25.00 26.00 32.00 23.00 27.00 22.00 19.00 21.00 21.00 24.00 21.00 24.00
28.00 28.00 27.00 19.00 31.00 25.00 35.00 21.00 25.00 27.00 25.00 32.00 32.00 29.00 23.00 28.00 26.00 30.00 24.00 24.00 29.00 32.00 30.00 27.00 22.00 25.00 32.00 29.00 23.00 23.00 31.00 26.00 27.00 31.00 26.00 27.00 29.00 25.00 25.00 27.00 25.00 27.00 24.00 27.00 28.00 32.00 26.00 23.00 29.00 30.00 32.00 25.00 29.00 26.00 25.00 31.00 33.00 30.00 26.00 24.00 23.00 27.00 24.00 25.00 23.00 26.00 22.00 27.00 28.00 32.00 25.00 28.00 25.00 26.00 55.00 23.00 29.00 24.00 27.00 35.00 30.00 29.00 32.00 30.00 23.00 29.00 28.00 26.00 22.00 30.00 32.00 29.00 29.00 29.00 24.00 29.00 28.00 30.00 26.00 30.00
29.00 26.00 30.00 21.00 21.00 28.00 23.00 20.00 20.00 26.00 26.00 28.00 33.00 29.00 23.00 24.00 21.00 28.00 22.00 21.00 22.00 26.00 30.00 21.00 25.00 28.00 16.00 28.00 29.00 24.00 31.00 22.00 27.00 20.00 21.00 22.00 24.00 25.00 18.00 25.00 21.00 24.00 19.00 26.00 22.00 27.00 25.00 23.00 23.00 25.00 24.00 23.00 33.00 23.00 24.00 23.00 34.00 26.00 23.00 22.00 22.00 30.00 24.00 26.00 23.00 22.00 23.00 21.00 26.00 30.00 25.00 34.00 26.00 23.00 23.00 51.00 21.00 22.00 23.00 31.00 29.00 22.00 27.00 25.00 25.00 30.00 26.00 24.00 21.00 27.00 33.00 25.00 26.00 29.00 23.00 26.00 25.00 21.00 30.00 24.00
30.00 28.00 26.00 19.00 25.00 24.00 31.00 20.00 23.00 28.00 24.00 31.00 25.00 24.00 23.00 22.00 24.00 27.00 22.00 17.00 22.00 24.00 24.00 21.00 20.00 28.00 24.00 26.00 22.00 17.00 29.00 22.00 23.00 22.00 27.00 21.00 19.00 17.00 24.00 19.00 24.00 21.00 22.00 21.00 24.00 27.00 21.00 19.00 17.00 24.00 25.00 25.00 25.00 25.00 23.00 27.00 28.00 20.00 16.00 24.00 21.00 24.00 22.00 22.00 16.00 23.00 22.00 24.00 21.00 22.00 22.00 24.00 25.00 19.00 29.00 21.00 48.00 25.00 21.00 29.00 24.00 25.00 28.00 27.00 17.00 25.00 26.00 28.00 19.00 26.00 26.00 27.00 20.00 26.00 19.00 27.00 24.00 25.00 20.00 22.00
34.00 27.00 26.00 21.00 22.00 20.00 29.00 22.00 20.00 23.00 25.00 26.00 31.00 24.00 26.00 25.00 22.00 26.00 24.00 26.00 26.00 30.00 31.00 24.00 22.00 25.00 21.00 29.00 27.00 23.00 28.00 29.00 28.00 22.00 29.00 19.00 27.00 23.00 23.00 23.00 25.00 25.00 20.00 25.00 25.00 30.00 21.00 20.00 15.00 26.00 23.00 25.00 25.00 19.00 30.00 28.00 26.00 29.00 21.00 24.00 22.00 25.00 24.00 20.00 19.00 23.00 29.00 22.00 23.00 26.00 24.00 29.00 24.00 23.00 24.00 22.00 25.00 49.00 28.00 26.00 30.00 23.00 30.00 31.00 22.00 24.00 23.00 28.00 18.00 26.00 29.00 28.00 23.00 23.00 16.00 24.00 22.00 26.00 22.00 20.00
33.00 24.00 23.00 25.00 23.00 27.00 29.00 23.00 25.00 31.00 32.00 32.00 30.00 32.00 28.00 25.00 24.00 32.00 23.00 23.00 28.00 34.00 32.00 27.00 24.00 26.00 22.00 33.00 28.00 28.00 29.00 30.00 33.00 26.00 30.00 22.00 31.00 28.00 24.00 27.00 27.00 26.00 17.00 24.00 29.00 24.00 24.00 17.00 26.00 28.00 27.00 28.00 33.00 28.00 25.00 36.00 30.00 32.00 23.00 29.00 26.00 27.00 28.00 23.00 28.00 26.00 28.00 23.00 27.00 28.00 26.00 30.00 24.00 24.00 27.00 23.00 21.00 28.00 54.00 34.00 30.00 26.00 28.00 29.00 25.00 31.00 23.00 22.00 21.00 32.00 34.00 26.00 26.00 31.00 25.00 29.00 24.00 29.00 28.00 25.00
37.00 30.00 29.00 24.00 31.00 29.00 35.00 28.00 25.00 32.00 33.00 34.00 33.00 29.00 28.00 24.00 27.00 31.00 23.00 30.00 30.00 29.00 33.00 29.00 29.00 31.00 30.00 37.00 31.00 29.00 34.00 30.00 28.00 29.00 29.00 26.00 33.00 28.00 29.00 30.00 32.00 30.00 23.00 24.00 31.00 28.00 28.00 25.00 28.00 33.00 32.00 28.00 31.00 29.00 23.00 36.00 34.00 32.00 22.00 32.00 28.00 33.00 28.00 33.00 24.00 23.00 27.00 24.00 25.00 31.00 31.00 34.00 26.00 25.00 35.00 31.00 29.00 26.00 34.00 60.00 29.00 31.00 34.00 32.00 24.00 32.00 26.00 28.00 23.00 32.00 34.00 24.00 29.00 33.00 26.00 32.00 25.00 29.00 30.00 29.00
35.00 31.00 28.00 27.00 26.00 27.00 34.00 25.00 24.00 27.00 33.00 33.00 33.00 27.00 23.00 31.00 27.00 30.00 25.00 32.00 33.00 35.00 37.00 30.00 22.00 28.00 26.00 28.00 35.00 22.00 29.00 32.00 35.00 27.00 31.00 25.00 28.00 28.00 26.00 29.00 26.00 25.00 24.00 29.00 31.00 30.00 27.00 24.00 21.00 27.00 29.00 25.00 35.00 28.00 26.00 36.00 33.00 30.00 26.00 33.00 30.00 27.00 26.00 23.00 26.00 26.00 29.00 27.00 27.00 33.00 30.00 35.00 31.00 24.00 30.00 29.00 24.00 30.00 30.00 29.00 58.00 29.00 27.00 30.00 23.00 28.00 28.00 26.00 22.00 30.00 37.00 33.00 29.00 32.00 22.00 32.00 28.00 34.00 33.00 22.00
32.00 31.00 22.00 25.00 27.00 26.00 31.00 22.00 24.00 29.00 29.00 30.00 28.00 28.00 23.00 18.00 26.00 29.00 21.00 25.00 22.00 27.00 30.00 28.00 23.00 31.00 26.00 26.00 29.00 20.00 28.00 24.00 28.00 23.00 24.00 26.00 26.00 25.00 23.00 24.00 22.00 25.00 23.00 22.00 26.00 25.00 28.00 17.00 21.00 26.00 27.00 27.00 28.00 23.00 22.00 28.00 32.00 28.00 22.00 29.00 27.00 23.00 24.00 22.00 19.00 24.00 23.00 20.00 28.00 26.00 26.00 31.00 24.00 20.00 29.00 22.00 25.00 23.00 26.00 31.00 29.00 51.00 27.00 28.00 25.00 29.00 25.00 20.00 17.00 25.00 29.00 23.00 27.00 25.00 23.00 25.00 24.00 24.00 24.00 21.00
34.00 28.00 22.00 22.00 27.00 22.00 30.00 24.00 19.00 27.00 29.00 33.00 28.00 31.00 27.00 28.00 24.00 29.00 28.00 17.00 23.00 33.00 29.00 29.00 22.00 30.00 30.00 33.00 30.00 24.00 32.00 26.00 26.00 23.00 32.00 23.00 25.00 24.00 24.00 26.00 26.00 28.00 23.00 28.00 25.00 28.00 30.00 24.00 24.00 29.00 31.00 26.00 30.00 26.00 26.00 36.00 28.00 28.00 24.00 28.00 25.00 25.00 20.00 25.00 22.00 25.00 26.00 22.00 25.00 29.00 23.00 30.00 26.00 25.00 32.00 27.00 28.00 30.00 28.00 34.00 27.00 27.00 54.00 30.00 21.00 31.00 25.00 26.00 24.00 27.00 31.00 26.00 26.00 28.00 24.00 27.00 28.00 29.00 19.00 23.00
35.00 30.00 27.00 26.00 24.00 23.00 32.00 19.00 21.00 28.00 32.00 32.00 31.00 27.00 26.00 29.00 22.00 30.00 25.00 23.00 30.00 31.00 32.00 26.00 32.00 31.00 26.00 38.00 29.00 23.00 34.00 34.00 29.00 24.00 27.00 30.00 31.00 22.00 27.00 27.00 24.00 29.00 23.00 26.00 28.00 30.00 24.00 16.00 21.00 28.00 25.00 28.00 30.00 24.00 30.00 31.00 33.00 32.00 23.00 27.00 24.00 28.00 27.00 23.00 23.00 24.00 27.00 20.00 28.00 32.00 30.00 31.00 26.00 22.00 30.00 25.00 27.00 31.00 29.00 32.00 30.00 28.00 30.00 56.00 29.00 35.00 31.00 24.00 24.00 30.00 33.00 23.00 27.00 24.00 25.00 26.00 33.00 26.00 25.00 28.00
29.00 24.00 21.00 23.00 18.00 25.00 25.00 24.00 18.00 25.00 29.00 29.00 30.00 25.00 21.00 22.00 16.00 26.00 20.00 20.00 24.00 24.00 24.00 20.00 24.00 26.00 19.00 33.00 20.00 22.00 26.00 29.00 24.00 20.00 18.00 26.00 26.00 18.00 15.00 27.00 19.00 25.00 18.00 24.00 27.00 26.00 24.00 21.00 20.00 22.00 20.00 18.00 27.00 23.00 28.00 24.00 27.00 28.00 21.00 22.00 21.00 23.00 23.00 20.00 18.00 22.00 22.00 17.00 24.00 24.00 20.00 28.00 20.00 20.00 23.00 25.00 17.00 22.00 25.00 24.00 23.00 25.00 21.00 29.00 48.00 28.00 25.00 20.00 19.00 23.00 26.00 23.00 21.00 24.00 22.00 24.00 28.00 23.00 26.00 22.00
32.00 33.00 30.00 26.00 28.00 27.00 32.00 21.00 29.00 33.00 31.00 31.00 36.00 34.00 27.00 27.00 23.00 32.00 25.00 24.00 28.00 33.00 31.00 29.00 30.00 30.00 21.00 36.00 36.00 27.00 36.00 32.00 31.00 25.00 29.00 30.00 29.00 30.00 19.00 30.00 28.00 26.00 25.00 24.00 27.00 30.00 35.00 20.00 27.00 35.00 31.00 25.00 34.00 32.00 28.00 30.00 33.00 32.00 25.00 33.00 26.00 29.00 27.00 24.00 31.00 29.00 30.00 25.00 27.00 34.00 30.00 35.00 31.00 26.00 29.00 30.00 25.00 24.00 31.00 32.00 28.00 29.00 31.00 35.00 28.00 58.00 30.00 26.00 23.00 32.00 38.00 25.00 31.00 36.00 27.00 31.00 26.00 30.00 28.00 28.00
26.00 28.00 27.00 21.00 21.00 24.00 28.00 20.00 26.00 27.00 27.00 24.00 27.00 25.00 24.00 29.00 21.00 26.00 19.00 26.00 26.00 29.00 27.00 25.00 23.00 26.00 22.00 29.00 25.00 22.00 24.00 23.00 23.00 20.00 23.00 25.00 26.00 19.00 19.00 28.00 21.00 23.00 27.00 24.00 29.00 30.00 24.00 21.00 23.00 27.00 27.00 26.00 32.00 30.00 27.00 27.00 33.00 29.00 21.00 31.00 23.00 20.00 28.00 21.00 24.00 26.00 24.00 23.00 26.00 27.00 25.00 32.00 22.00 21.00 28.00 26.00 26.00 23.00 23.00 26.00 28.00 25.00 25.00 31.00 25.00 30.00 51.00 26.00 19.00 31.00 30.00 23.00 27.00 28.00 22.00 25.00 28.00 23.00 29.00 25.00
30.00 25.00 29.00 18.00 25.00 24.00 27.00 21.00 24.00 21.00 24.00 26.00 29.00 26.00 23.00 20.00 24.00 23.00 19.00 20.00 25.00 31.00 29.00 26.00 22.00 24.00 22.00 27.00 25.00 23.00 34.00 23.00 27.00 24.00 25.00 19.00 25.00 22.00 23.00 23.00 22.00 26.00 21.00 24.00 28.00 28.00 24.00 18.00 18.00 28.00 25.00 20.00 30.00 30.00 27.00 26.00 28.00 27.00 14.00 26.00 24.00 24.00 22.00 26.00 23.00 26.00 25.00 24.00 21.00 27.00 20.00 27.00 20.00 21.00 26.00 24.00 28.00 28.00 22.00 28.00 26.00 20.00 26.00 24.00 20.00 26.00 26.00 50.00 21.00 30.00 28.00 24.00 24.00 26.00 18.00 25.00 24.00 22.00 27.00 21.00
23.00 17.00 17.00 20.00 20.00 17.00 23.00 13.00 25.00 21.00 18.00 20.00 21.00 22.00 22.00 19.00 20.00 23.00 16.00 17.00 23.00 23.00 27.00 21.00 22.00 20.00 17.00 25.00 23.00 18.00 26.00 21.00 19.00 19.00 24.00 22.00 21.00 20.00 17.00 21.00 14.00 19.00 16.00 19.00 18.00 19.00 22.00 21.00 21.00 23.00 19.00 15.00 23.00 24.00 21.00 19.00 25.00 20.00 17.00 21.00 19.00 20.00 19.00 17.00 21.00 23.00 15.00 17.00 23.00 26.00 23.00 24.00 17.00 25.00 22.00 21.00 19.00 18.00 21.00 23.00 22.00 17.00 24.00 24.00 19.00 23.00 19.00 21.00 41.00 26.00 23.00 13.00 26.00 19.00 22.00 19.00 22.00 18.00 19.00 18.00
32.00 27.00 29.00 23.00 25.00 25.00 35.00 23.00 32.00 26.00 23.00 30.00 31.00 29.00 32.00 25.00 26.00 33.00 20.00 28.00 25.00 32.00 31.00 31.00 29.00 25.00 23.00 31.00 25.00 27.00 32.00 29.00 30.00 24.00 29.00 27.00 28.00 31.00 22.00 24.00 25.00 27.00 25.00 26.00 28.00 34.00 27.00 27.00 27.00 31.00 27.00 30.00 32.00 31.00 27.00 32.00 32.00 29.00 24.00 30.00 27.00 28.00 28.00 29.00 23.00 25.00 32.00 26.00 25.00 29.00 28.00 33.00 26.00 26.00 30.00 27.00 26.00 26.00 32.00 32.00 30.00 25.00 27.00 30.00 23.00 32.00 31.00 30.00 26.00 56.00 39.00 26.00 31.00 32.00 24.00 29.00 27.00 26.00 30.00 26.00
37.00 28.00 35.00 25.00 31.00 32.00 33.00 23.00 24.00 29.00 30.00 33.00 35.00 32.00 31.00 28.00 26.00 33.00 22.00 29.00 29.00 33.00 35.00 30.00 32.00 27.00 24.00 33.00 32.00 28.00 36.00 32.00 35.00 28.00 33.00 28.00 29.00 31.00 26.00 29.00 27.00 26.00 25.00 31.00 32.00 33.00 28.00 24.00 28.00 31.00 30.00 27.00 36.00 32.00 31.00 33.00 33.00 34.00 25.00 31.00 31.00 27.00 29.00 31.00 27.00 29.00 31.00 27.00 28.00 30.00 29.00 36.00 35.00 32.00 32.00 33.00 26.00 29.00 34.00 34.00 37.00 29.00 31.00 33.00 26.00 38.00 30.00 28.00 23.00 39.00 61.00 31.00 32.00 37.00 31.00 32.00 30.00 28.00 33.00 30.00
30.00 29.00 25.00 21.00 25.00 27.00 27.00 24.00 21.00 23.00 25.00 30.00 29.00 23.00 16.00 23.00 21.00 26.00 22.00 24.00 24.00 26.00 28.00 20.00 20.00 27.00 19.00 28.00 24.00 16.00 24.00 28.00 25.00 18.00 28.00 20.00 28.00 22.00 19.00 27.00 23.00 21.00 24.00 25.00 29.00 27.00 25.00 25.00 19.00 21.00 25.00 25.00 28.00 23.00 21.00 31.00 26.00 25.00 21.00 23.00 21.00 22.00 24.00 20.00 19.00 20.00 27.00 23.00 23.00 24.00 21.00 26.00 26.00 23.00 29.00 25.00 27.00 28.00 26.00 24.00 33.00 23.00 26.00 23.00 23.00 25.00 23.00 24.00 13.00 26.00 31.00 49.00 24.00 26.00 22.00 25.00 26.00 26.00 23.00 24.00
25.00 27.00 25.00 20.00 22.00 22.00 30.00 19.00 29.00 27.00 23.00 28.00 26.00 27.00 24.00 25.00 23.00 28.00 19.00 26.00 27.00 29.00 28.00 30.00 30.00 25.00 22.00 30.00 29.00 24.00 28.00 24.00 26.00 25.00 27.00 22.00 28.00 28.00 19.00 26.00 25.00 23.00 23.00 27.00 28.00 27.00 28.00 27.00 23.00 27.00 23.00 25.00 32.00 25.00 25.00 27.00 28.00 30.00 23.00 28.00 27.00 25.00 27.00 23.00 23.00 26.00 22.00 24.00 25.00 32.00 28.00 31.00 28.00 27.00 29.00 26.00 20.00 23.00 26.00 29.00 29.00 27.00 26.00 27.00 21.00 31.00 27.00 24.00 26.00 31.00 32.00 24.00 52.00 28.00 22.00 25.00 24.00 26.00 28.00 27.00
31.00 25.00 31.00 25.00 25.00 31.00 33.00 26.00 25.00 33.00 27.00 31.00 35.00 28.00 30.00 28.00 27.00 34.00 23.00 26.00 21.00 27.00 29.00 26.00 22.00 29.00 24.00 27.00 26.00 28.00 33.00 28.00 31.00 26.00 26.00 23.00 29.00 28.00 21.00 24.00 29.00 19.00 25.00 26.00 25.00 28.00 28.00 28.00 27.00 28.00 28.00 27.00 32.00 30.00 26.00 33.00 34.00 29.00 21.00 31.00 24.00 25.00 28.00 25.00 30.00 28.00 29.00 24.00 23.00 29.00 25.00 33.00 28.00 22.00 29.00 29.00 26.00 23.00 31.00 33.00 32.00 25.00 28.00 24.00 24.00 36.00 28.00 26.00 19.00 32.00 37.00 26.00 28.00 56.00 28.00 29.00 22.00 33.00 33.00 28.00
22.00 21.00 19.00 23.00 26.00 28.00 26.00 18.00 19.00 26.00 24.00 25.00 25.00 27.00 22.00 25.00 21.00 26.00 15.00 19.00 19.00 20.00 27.00 20.00 25.00 21.00 19.00 25.00 22.00 21.00 28.00 25.00 26.00 23.00 24.00 23.00 25.00 24.00 19.00 23.00 20.00 20.00 20.00 25.00 21.00 22.00 21.00 23.00 21.00 22.00 23.00 17.00 27.00 21.00 24.00 25.00 24.00 21.00 20.00 25.00 19.00 19.00 23.00 22.00 19.00 20.00 19.00 18.00 26.00 22.00 24.00 21.00 27.00 19.00 24.00 23.00 19.00 16.00 25.00 26.00 22.00 23.00 24.00 25.00 22.00 27.00 22.00 18.00 22.00 24.00 31.00 22.00 22.00 28.00 46.00 27.00 28.00 19.00 24.00 25.00
34.00 30.00 28.00 23.00 25.00 25.00 35.00 24.00 24.00 31.00 33.00 35.00 26.00 31.00 23.00 27.00 25.00 35.00 27.00 26.00 27.00 34.00 32.00 30.00 23.00 24.00 27.00 32.00 29.00 20.00 31.00 30.00 24.00 25.00 27.00 27.00 28.00 25.00 20.00 24.00 25.00 20.00 22.00 28.00 27.00 27.00 23.00 24.00 21.00 32.00 24.00 24.00 34.00 24.00 28.00 32.00 31.00 30.00 20.00 30.00 27.00 27.00 22.00 22.00 21.00 23.00 24.00 30.00 28.00 25.00 24.00 35.00 29.00 21.00 29.00 26.00 27.00 24.00 29.00 32.00 32.00 25.00 27.00 26.00 24.00 31.00 25.00 25.00 19.00 29.00 32.00 25.00 25.00 29.00 27.00 55.00 28.00 27.00 30.00 22.00
28.00 26.00 26.00 25.00 24.00 30.00 28.00 20.00 22.00 28.00 30.00 30.00 29.00 29.00 20.00 30.00 19.00 28.00 23.00 17.00 27.00 28.00 31.00 25.00 23.00 26.00 26.00 32.00 23.00 23.00 31.00 27.00 28.00 17.00 28.00 24.00 28.00 21.00 19.00 25.00 19.00 27.00 22.00 28.00 28.00 31.00 27.00 22.00 23.00 22.00 27.00 24.00 28.00 27.00 30.00 28.00 30.00 28.00 20.00 27.00 26.00 19.00 25.00 24.00 21.00 26.00 26.00 23.00 29.00 24.00 24.00 29.00 26.00 21.00 28.00 25.00 24.00 22.00 24.00 25.00 28.00 24.00 28.00 33.00 28.00 26.00 28.00 24.00 22.00 27.00 30.00 26.00 24.00 22.00 28.00 28.00 52.00 22.00 27.00 21.00
28.00 27.00 22.00 19.00 22.00 22.00 27.00 28.00 21.00 25.00 31.00 33.00 23.00 28.00 22.00 27.00 23.00 33.00 25.00 23.00 25.00 25.00 29.00 22.00 21.00 26.00 27.00 31.00 27.00 21.00 32.00 25.00 24.00 23.00 25.00 21.00 28.00 25.00 22.00 19.00 26.00 26.00 17.00 28.00 25.00 29.00 21.00 21.00 22.00 28.00 29.00 22.00 23.00 23.00 27.00 32.00 28.00 26.00 24.00 27.00 20.00 25.00 25.00 20.00 24.00 22.00 23.00 22.00 20.00 25.00 23.00 25.00 27.00 24.00 30.00 21.00 25.00 26.00 29.00 29.00 34.00 24.00 29.00 26.00 23.00 30.00 23.00 22.00 18.00 26.00 28.00 26.00 26.00 33.00 19.00 27.00 22.00 51.00 24.00 23.00
28.00 22.00 33.00 26.00 24.00 32.00 29.00 21.00 27.00 25.00 27.00 28.00 30.00 28.00 26.00 25.00 26.00 25.00 19.00 29.00 27.00 28.00 28.00 27.00 25.00 25.00 21.00 27.00 28.00 26.00 30.00 28.00 32.00 24.00 23.00 20.00 28.00 22.00 19.00 23.00 23.00 25.00 22.00 22.00 28.00 28.00 22.00 23.00 19.00 28.00 22.00 25.00 34.00 24.00 25.00 27.00 33.00 33.00 20.00 31.00 27.00 26.00 27.00 27.00 28.00 25.00 27.00 24.00 29.00 30.00 28.00 34.00 29.00 21.00 26.00 30.00 20.00 22.00 28.00 30.00 33.00 24.00 19.00 25.00 26.00 28.00 29.00 27.00 19.00 30.00 33.00 23.00 28.00 33.00 24.00 30.00 27.00 24.00 54.00 26.00
26.00 22.00 25.00 18.00 22.00 22.00 28.00 19.00 24.00 25.00 21.00 27.00 27.00 28.00 21.00 21.00 16.00 26.00 19.00 21.00 26.00 26.00 26.00 17.00 24.00 26.00 19.00 31.00 21.00 23.00 26.00 27.00 28.00 26.00 20.00 19.00 26.00 24.00 20.00 25.00 24.00 19.00 18.00 19.00 25.00 25.00 24.00 24.00 22.00 29.00 25.00 26.00 28.00 25.00 26.00 29.00 28.00 32.00 22.00 26.00 20.00 20.00 29.00 27.00 24.00 23.00 22.00 21.00 23.00 31.00 27.00 28.00 27.00 24.00 30.00 24.00 22.00 20.00 25.00 29.00 22.00 21.00 23.00 28.00 22.00 28.00 25.00 21.00 18.00 26.00 30.00 24.00 27.00 28.00 25.00 22.00 21.00 23.00 26.00 50.00