100
60.00 30.00 29.00 27.00 29.00 29.00 35.00 28.00 26.00 33.00 33.00 35.00 36.00 29.00 28.00 28.00 23.00 35.00 29.00 24.00 27.00 34.00 32.00 29.00 29.00 31.00 24.00 35.00 31.00 27.00 34.00 36.00 36.00 29.00 32.00 28.00 31.00 27.00 24.00 29.00 26.00 29.00 24.00 23.00 31.00 32.00 30.00 24.00 24.00 32.00 25.00 27.00 33.00 30.00 31.00 34.00 28.00 31.00 21.00 33.00 32.00 26.00 28.00 27.00 25.00 27.00 29.00 26.00 29.00 31.00 29.00 36.00 32.00 24.00 28.00 29.00 30.00 34.00 33.00 37.00 35.00 32.00 34.00 35.00 29.00 32.00 26.00 30.00 23.00 32.00 37.00 30.00 25.00 31.00 22.00 34.00 28.00 28.00 28.00 26.00
30.00 54.00 31.00 25.00 27.00 27.00 31.00 22.00 22.00 27.00 30.00 31.00 32.00 33.00 23.00 26.00 21.00 35.00 26.00 26.00 29.00 27.00 30.00 30.00 21.00 27.00 23.00 27.00 30.00 21.00 29.00 28.00 24.00 21.00 30.00 24.00 25.00 25.00 22.00 31.00 23.00 26.00 28.00 25.00 29.00 29.00 30.00 23.00 18.00 27.00 28.00 30.00 30.00 30.00 29.00 30.00 31.00 32.00 25.00 32.00 29.00 27.00 25.00 22.00 16.00 22.00 23.00 24.00 25.00 27.00 23.00 28.00 25.00 25.00 28.00 26.00 28.00 27.00 24.00 30.00 31.00 31.00 28.00 30.00 24.00 33.00 28.00 25.00 17.00 27.00 28.00 29.00 27.00 25.00 21.00 30.00 26.00 27.00 22.00 22.00
29.00 31.00 53.00 21.00 28.00 30.00 28.00 18.00 24.00 29.00 22.00 26.00 31.00 24.00 25.00 24.00 23.00 30.00 25.00 30.00 28.00 25.00 31.00 27.00 24.00 27.00 22.00 27.00 29.00 25.00 32.00 26.00 28.00 22.00 29.00 25.00 24.00 23.00 21.00 23.00 24.00 25.00 22.00 22.00 27.00 29.00 23.00 22.00 21.00 27.00 27.00 23.00 34.00 27.00 23.00 25.00 31.00 28.00 19.00 30.00 22.00 29.00 23.00 24.00 22.00 25.00 28.00 25.00 22.00 29.00 23.00 31.00 26.00 23.00 27.00 30.00 26.00 26.00 23.00 29.00 28.00 22.00 22.00 27.00 21.00 30.00 27.00 29.00 17.00 29.00 35.00 25.00 25.00 31.00 19.00 28.00 26.00 22.00 33.00 25.00
27.00 25.00 21.00 45.00 18.00 27.00 24.00 18.00 17.00 21.00 26.00 29.00 27.00 25.00 21.00 21.00 21.00 26.00 20.00 18.00 22.00 21.00 27.00 24.00 22.00 25.00 23.00 24.00 28.00 20.00 23.00 26.00 27.00 17.00 22.00 22.00 23.00 19.00 17.00 26.00 20.00 17.00 23.00 20.00 20.00 19.00 24.00 19.00 17.00 21.00 19.00 20.00 27.00 24.00 17.00 25.00 23.00 24.00 17.00 29.00 21.00 22.00 24.00 17.00 21.00 16.00 24.00 19.00 24.00 20.00 23.00 24.00 23.00 19.00 19.00 21.00 19.00 21.00 25.00 24.00 27.00 25.00 22.00 26.00 23.00 26.00 21.00 18.00 20.00 23.00 25.00 21.00 20.00 25.00 23.00 23.00 25.00 19.00 26.00 18.00
29.00 27.00 28.00 18.00 49.00 26.00 30.00 18.00 23.00 25.00 21.00 25.00 24.00 23.00 23.00 23.00 26.00 24.00 23.00 20.00 25.00 24.00 27.00 23.00 23.00 24.00 24.00 26.00 30.00 22.00 29.00 24.00 25.00 23.00 26.00 24.00 25.00 21.00 20.00 25.00 21.00 20.00 19.00 22.00 22.00 27.00 25.00 17.00 20.00 26.00 27.00 20.00 26.00 22.00 21.00 28.00 31.00 25.00 20.00 28.00 23.00 25.00 22.00 24.00 24.00 22.00 17.00 26.00 23.00 27.00 20.00 27.00 25.00 22.00 31.00 21.00 25.00 22.00 23.00 31.00 26.00 27.00 27.00 24.00 18.00 28.00 21.00 25.00 20.00 25.00 31.00 25.00 22.00 25.00 26.00 25.00 24.00 22.00 24.00 22.00
29.00 27.00 30.00 27.00 26.00 51.00 25.00 24.00 20.00 26.00 27.00 30.00 30.00 29.00 23.00 24.00 22.00 28.00 19.00 21.00 22.00 20.00 29.00 25.00 22.00 30.00 18.00 26.00 27.00 22.00 30.00 24.00 29.00 19.00 26.00 21.00 27.00 24.00 18.00 28.00 20.00 22.00 24.00 24.00 26.00 24.00 25.00 23.00 21.00 23.00 25.00 26.00 29.00 26.00 23.00 28.00 27.00 24.00 19.00 26.00 26.00 22.00 26.00 27.00 20.00 21.00 24.00 23.00 29.00 23.00 24.00 31.00 29.00 18.00 25.00 28.00 24.00 20.00 27.00 29.00 27.00 26.00 22.00 23.00 25.00 27.00 24.00 24.00 17.00 25.00 32.00 27.00 22.00 31.00 28.00 25.00 30.00 22.00 32.00 22.00
35.00 31.00 28.00 24.00 30.00 25.00 59.00 23.00 31.00 32.00 26.00 33.00 30.00 29.00 29.00 30.00 31.00 35.00 26.00 31.00 28.00 33.00 35.00 34.00 24.00 31.00 27.00 29.00 30.00 23.00 33.00 33.00 33.00 30.00 32.00 29.00 30.00 30.00 27.00 27.00 28.00 26.00 25.00 27.00 33.00 28.00 28.00 26.00 25.00 33.00 30.00 27.00 33.00 34.00 30.00 32.00 35.00 30.00 23.00 34.00 28.00 29.00 25.00 29.00 23.00 28.00 29.00 26.00 26.00 33.00 29.00 33.00 28.00 27.00 35.00 23.00 31.00 29.00 29.00 35.00 34.00 31.00 30.00 32.00 25.00 32.00 28.00 27.00 23.00 35.00 33.00 27.00 30.00 33.00 26.00 35.00 28.00 27.00 29.00 28.00
28.00 22.00 18.00 18.00 18.00 24.00 23.00 43.00 17.00 23.00 25.00 30.00 24.00 19.00 17.00 23.00 19.00 26.00 21.00 19.00 20.00 21.00 24.00 19.00 20.00 26.00 19.00 28.00 19.00 12.00 23.00 25.00 16.00 16.00 23.00 17.00 23.00 19.00 14.00 20.00 17.00 23.00 17.00 23.00 20.00 23.00 19.00 23.00 13.00 23.00 21.00 21.00 23.00 18.00 23.00 24.00 22.00 23.00 17.00 20.00 17.00 21.00 19.00 19.00 17.00 17.00 20.00 20.00 18.00 20.00 18.00 25.00 20.00 12.00 21.00 20.00 20.00 22.00 23.00 28.00 25.00 22.00 24.00 19.00 24.00 21.00 20.00 21.00 13.00 23.00 23.00 24.00 19.00 26.00 18.00 24.00 20.00 28.00 21.00 19.00
26.00 22.00 24.00 17.00 23.00 20.00 31.00 17.00 47.00 25.00 15.00 23.00 25.00 28.00 20.00 18.00 23.00 22.00 22.00 26.00 24.00 28.00 28.00 28.00 23.00 23.00 17.00 28.00 24.00 21.00 23.00 26.00 24.00 23.00 23.00 24.00 21.00 25.00 21.00 21.00 22.00 20.00 19.00 20.00 26.00 26.00 28.00 21.00 21.00 29.00 24.00 27.00 27.00 24.00 25.00 24.00 29.00 24.00 20.00 30.00 22.00 23.00 24.00 21.00 25.00 28.00 19.00 25.00 22.00 28.00 26.00 27.00 18.00 21.00 25.00 20.00 23.00 20.00 25.00 25.00 24.00 24.00 19.00 21.00 18.00 29.00 26.00 24.00 25.00 32.00 24.00 21.00 29.00 25.00 19.00 24.00 22.00 21.00 27.00 24.00
33.00 27.00 29.00 21.00 25.00 26.00 32.00 23.00 25.00 53.00 27.00 30.00 29.00 31.00 25.00 30.00 22.00 31.00 23.00 22.00 26.00 32.00 33.00 30.00 25.00 30.00 21.00 30.00 27.00 21.00 29.00 30.00 24.00 27.00 30.00 24.00 26.00 21.00 20.00 23.00 25.00 25.00 21.00 26.00 28.00 25.00 28.00 22.00 26.00 25.00 30.00 25.00 33.00 24.00 26.00 28.00 30.00 25.00 21.00 33.00 24.00 25.00 25.00 25.00 25.00 23.00 23.00 21.00 27.00 26.00 20.00 33.00 23.00 20.00 27.00 26.00 28.00 23.00 31.00 32.00 27.00 29.00 27.00 28.00 25.00 33.00 27.00 21.00 21.00 26.00 29.00 23.00 27.00 33.00 26.00 31.00 28.00 25.00 25.00 25.00
33.00 30.00 22.00 26.00 21.00 27.00 26.00 25.00 15.00 27.00 54.00 32.00 27.00 28.00 21.00 28.00 21.00 31.00 24.00 21.00 27.00 28.00 31.00 22.00 23.00 27.00 26.00 36.00 30.00 24.00 32.00 29.00 25.00 25.00 25.00 22.00 31.00 27.00 23.00 30.00 23.00 29.00 20.00 26.00 31.00 25.00 24.00 18.00 17.00 29.00 27.00 25.00 28.00 26.00 26.00 33.00 32.00 30.00 21.00 28.00 26.00 25.00 26.00 21.00 21.00 19.00 30.00 25.00 32.00 24.00 28.00 33.00 27.00 26.00 25.00 26.00 24.00 25.00 32.00 33.00 33.00 29.00 29.00 32.00 29.00 31.00 27.00 24.00 18.00 23.00 30.00 25.00 23.00 27.00 24.00 33.00 30.00 31.00 27.00 21.00
35.00 31.00 26.00 29.00 25.00 30.00 33.00 30.00 23.00 30.00 32.00 59.00 36.00 32.00 29.00 29.00 25.00 35.00 22.00 23.00 31.00 33.00 32.00 29.00 28.00 35.00 32.00 36.00 26.00 21.00 33.00 33.00 30.00 27.00 30.00 25.00 31.00 24.00 26.00 24.00 30.00 27.00 26.00 30.00 35.00 33.00 30.00 23.00 23.00 30.00 29.00 29.00 34.00 29.00 28.00 36.00 28.00 30.00 26.00 27.00 27.00 28.00 27.00 31.00 26.00 23.00 27.00 25.00 26.00 30.00 26.00 32.00 27.00 22.00 32.00 28.00 31.00 26.00 32.00 34.00 33.00 30.00 33.00 32.00 29.00 31.00 24.00 26.00 20.00 30.00 33.00 30.00 28.00 31.00 25.00 35.00 30.00 33.00 28.00 27.00
36.00 32.00 31.00 27.00 24.00 30.00 30.00 24.00 25.00 29.00 27.00 36.00 58.00 30.00 29.00 26.00 21.00 34.00 21.00 26.00 28.00 32.00 33.00 28.00 25.00 28.00 19.00 33.00 29.00 27.00 34.00 31.00 35.00 28.00 26.00 27.00 32.00 30.00 20.00 28.00 30.00 29.00 27.00 27.00 28.00 33.00 31.00 24.00 27.00 29.00 27.00 30.00 36.00 30.00 31.00 29.00 32.00 31.00 27.00 22.00 23.00 29.00 28.00 30.00 25.00 27.00 31.00 24.00 24.00 33.00 30.00 35.00 27.00 24.00 32.00 33.00 25.00 31.00 30.00 33.00 33.00 28.00 28.00 31.00 30.00 36.00 27.00 29.00 21.00 31.00 35.00 29.00 26.00 35.00 25.00 26.00 29.00 23.00 30.00 27.00
29.00 33.00 24.00 25.00 23.00 29.00 29.00 19.00 28.00 31.00 28.00 32.00 30.00 54.00 25.00 23.00 21.00 28.00 19.00 21.00 28.00 35.00 28.00 29.00 23.00 24.00 22.00 28.00 29.00 23.00 32.00 27.00 28.00 26.00 23.00 22.00 25.00 27.00 20.00 26.00 28.00 24.00 22.00 27.00 26.00 30.00 31.00 24.00 28.00 25.00 30.00 29.00 31.00 28.00 34.00 33.00 32.00 27.00 27.00 32.00 30.00 28.00 24.00 29.00 22.00 29.00 25.00 23.00 29.00 28.00 27.00 32.00 28.00 25.00 29.00 29.00 24.00 24.00 32.00 29.00 27.00 28.00 31.00 27.00 25.00 34.00 25.00 26.00 22.00 29.00 32.00 23.00 27.00 28.00 27.00 31.00 29.00 28.00 28.00 28.00
28.00 23.00 25.00 21.00 23.00 23.00 29.00 17.00 20.00 25.00 21.00 29.00 29.00 25.00 47.00 19.00 20.00 28.00 14.00 21.00 22.00 23.00 27.00 24.00 21.00 23.00 21.00 26.00 21.00 24.00 27.00 25.00 28.00 21.00 29.00 22.00 24.00 23.00 18.00 21.00 19.00 21.00 18.00 23.00 23.00 25.00 21.00 20.00 23.00 22.00 23.00 25.00 31.00 24.00 25.00 26.00 27.00 23.00 18.00 24.00 23.00 25.00 24.00 25.00 21.00 23.00 26.00 19.00 20.00 22.00 23.00 28.00 24.00 23.00 23.00 23.00 23.00 26.00 28.00 28.00 23.00 23.00 27.00 26.00 21.00 27.00 24.00 23.00 22.00 32.00 31.00 16.00 24.00 30.00 22.00 23.00 20.00 22.00 26.00 21.00
28.00 26.00 24.00 21.00 23.00 24.00 30.00 23.00 18.00 30.00 28.00 29.00 26.00 23.00 19.00 49.00 20.00 29.00 21.00 18.00 25.00 27.00 30.00 26.00 23.00 25.00 24.00 29.00 27.00 18.00 30.00 25.00 26.00 23.00 28.00 20.00 25.00 18.00 18.00 23.00 21.00 19.00 20.00 26.00 23.00 28.00 21.00 22.00 20.00 25.00 26.00 19.00 26.00 24.00 26.00 26.00 25.00 27.00 22.00 25.00 23.00 22.00 22.00 19.00 24.00 22.00 25.00 23.00 25.00 27.00 22.00 28.00 24.00 20.00 28.00 24.00 22.00 25.00 25.00 24.00 31.00 18.00 28.00 29.00 22.00 27.00 29.00 20.00 19.00 25.00 28.00 23.00 25.00 28.00 25.00 27.00 30.00 27.00 25.00 21.00
23.00 21.00 23.00 21.00 26.00 22.00 31.00 19.00 23.00 22.00 21.00 25.00 21.00 21.00 20.00 20.00 45.00 23.00 21.00 21.00 21.00 23.00 27.00 28.00 22.00 29.00 25.00 24.00 25.00 16.00 29.00 21.00 20.00 19.00 26.00 21.00 25.00 23.00 21.00 19.00 25.00 18.00 19.00 24.00 24.00 19.00 21.00 17.00 20.00 28.00 27.00 20.00 26.00 19.00 20.00 24.00 30.00 22.00 16.00 21.00 18.00 24.00 18.00 20.00 24.00 20.00 19.00 16.00 23.00 25.00 24.00 25.00 19.00 19.00 26.00 21.00 24.00 22.00 24.00 27.00 27.00 26.00 24.00 22.00 16.00 23.00 21.00 24.00 20.00 26.00 26.00 21.00 23.00 27.00 21.00 25.00 19.00 23.00 26.00 16.00
35.00 35.00 30.00 26.00 24.00 28.00 35.00 26.00 22.00 31.00 31.00 35.00 34.00 28.00 28.00 29.00 23.00 57.00 24.00 25.00 26.00 27.00 33.00 28.00 23.00 27.00 23.00 32.00 29.00 22.00 37.00 30.00 30.00 22.00 31.00 25.00 27.00 29.00 23.00 24.00 22.00 25.00 24.00 24.00 29.00 29.00 24.00 26.00 24.00 30.00 25.00 28.00 33.00 31.00 29.00 29.00 29.00 35.00 24.00 29.00 25.00 27.00 31.00 25.00 22.00 21.00 30.00 25.00 27.00 25.00 28.00 33.00 29.00 27.00 30.00 28.00 27.00 26.00 32.00 31.00 30.00 29.00 29.00 30.00 26.00 32.00 26.00 23.00 23.00 33.00 33.00 26.00 28.00 34.00 26.00 35.00 28.00 33.00 25.00 26.00
29.00 26.00 25.00 20.00 23.00 19.00 26.00 21.00 22.00 23.00 24.00 22.00 21.00 19.00 14.00 21.00 21.00 24.00 44.00 16.00 20.00 24.00 23.00 20.00 15.00 21.00 19.00 27.00 25.00 17.00 26.00 26.00 20.00 17.00 21.00 22.00 21.00 22.00 19.00 19.00 15.00 19.00 19.00 25.00 23.00 21.00 23.00 17.00 12.00 29.00 22.00 22.00 23.00 16.00 24.00 23.00 25.00 24.00 19.00 25.00 19.00 23.00 18.00 15.00 17.00 21.00 17.00 22.00 23.00 25.00 16.00 21.00 19.00 20.00 24.00 22.00 22.00 24.00 23.00 23.00 25.00 21.00 28.00 25.00 20.00 25.00 19.00 19.00 16.00 20.00 22.00 22.00 19.00 23.00 15.00 27.00 23.00 25.00 19.00 19.00
24.00 26.00 30.00 18.00 20.00 21.00 31.00 19.00 26.00 22.00 21.00 23.00 26.00 21.00 21.00 18.00 21.00 25.00 16.00 47.00 25.00 25.00 28.00 24.00 21.00 23.00 18.00 24.00 27.00 21.00 22.00 25.00 26.00 22.00 23.00 25.00 23.00 27.00 21.00 21.00 21.00 23.00 21.00 18.00 29.00 25.00 21.00 21.00 20.00 22.00 20.00 24.00 26.00 20.00 24.00 27.00 27.00 28.00 19.00 29.00 19.00 25.00 25.00 18.00 18.00 18.00 27.00 22.00 24.00 27.00 27.00 30.00 23.00 20.00 24.00 21.00 17.00 26.00 23.00 30.00 32.00 25.00 17.00 23.00 20.00 24.00 26.00 20.00 17.00 28.00 29.00 24.00 26.00 26.00 19.00 26.00 17.00 23.00 29.00 21.00
27.00 29.00 28.00 22.00 25.00 22.00 28.00 20.00 24.00 26.00 27.00 31.00 28.00 28.00 22.00 25.00 21.00 26.00 20.00 25.00 52.00 35.00 31.00 25.00 23.00 24.00 23.00 31.00 29.00 18.00 31.00 27.00 26.00 25.00 23.00 22.00 26.00 22.00 25.00 25.00 24.00 24.00 20.00 25.00 31.00 28.00 26.00 18.00 20.00 24.00 27.00 23.00 28.00 26.00 26.00 33.00 29.00 28.00 22.00 29.00 25.00 26.00 26.00 23.00 25.00 26.00 22.00 21.00 25.00 28.00 24.00 32.00 20.00 27.00 29.00 22.00 22.00 26.00 28.00 30.00 33.00 22.00 23.00 30.00 24.00 28.00 26.00 25.00 23.00 25.00 29.00 24.00 27.00 21.00 19.00 27.00 27.00 25.00 27.00 26.00
34.00 27.00 25.00 21.00 24.00 20.00 33.00 21.00 28.00 32.00 28.00 33.00 32.00 35.00 23.00 27.00 23.00 27.00 24.00 25.00 35.00 56.00 34.00 31.00 25.00 25.00 25.00 31.00 31.00 26.00 30.00 28.00 30.00 28.00 28.00 21.00 29.00 23.00 24.00 26.00 26.00 26.00 24.00 25.00 28.00 32.00 31.00 20.00 24.00 29.00 26.00 27.00 36.00 30.00 34.00 31.00 31.00 34.00 24.00 32.00 24.00 28.00 27.00 27.00 29.00 29.00 31.00 26.00 29.00 33.00 24.00 36.00 24.00 26.00 32.00 26.00 24.00 30.00 34.00 29.00 35.00 27.00 33.00 31.00 24.00 33.00 29.00 31.00 23.00 32.00 33.00 26.00 29.00 27.00 20.00 34.00 28.00 25.00 28.00 26.00
32.00 30.00 31.00 27.00 27.00 29.00 35.00 24.00 28.00 33.00 31.00 32.00 33.00 28.00 27.00 30.00 27.00 33.00 23.00 28.00 31.00 34.00 59.00 31.00 28.00 30.00 27.00 35.00 33.00 25.00 31.00 31.00 36.00 26.00 34.00 27.00 34.00 29.00 29.00 28.00 27.00 29.00 19.00 27.00 28.00 27.00 30.00 24.00 22.00 31.00 33.00 26.00 36.00 29.00 29.00 31.00 37.00 35.00 21.00 31.00 25.00 28.00 27.00 27.00 30.00 24.00 29.00 30.00 30.00 32.00 31.00 34.00 26.00 26.00 30.00 30.00 24.00 31.00 32.00 33.00 37.00 30.00 29.00 32.00 24.00 31.00 27.00 29.00 27.00 31.00 35.00 28.00 28.00 29.00 27.00 32.00 31.00 29.00 28.00 26.00
29.00 30.00 27.00 24.00 23.00 25.00 34.00 19.00 28.00 30.00 22.00 29.00 28.00 29.00 24.00 26.00 28.00 28.00 20.00 24.00 25.00 31.00 31.00 51.00 24.00 26.00 23.00 27.00 31.00 19.00 25.00 26.00 24.00 25.00 32.00 25.00 25.00 22.00 20.00 27.00 27.00 23.00 21.00 25.00 27.00 28.00 28.00 22.00 23.00 29.00 23.00 24.00 28.00 27.00 23.00 31.00 27.00 27.00 23.00 29.00 28.00 27.00 23.00 21.00 23.00 22.00 24.00 19.00 21.00 28.00 22.00 30.00 22.00 22.00 27.00 21.00 21.00 24.00 27.00 29.00 30.00 28.00 29.00 26.00 20.00 29.00 25.00 26.00 21.00 31.00 30.00 20.00 30.00 26.00 20.00 30.00 25.00 22.00 27.00 17.00
29.00 21.00 24.00 22.00 23.00 22.00 24.00 20.00 23.00 25.00 23.00 28.00 25.00 23.00 21.00 23.00 22.00 23.00 15.00 21.00 23.00 25.00 28.00 24.00 47.00 28.00 22.00 30.00 22.00 22.00 29.00 22.00 20.00 20.00 23.00 23.00 24.00 23.00 19.00 21.00 24.00 24.00 18.00 24.00 22.00 26.00 24.00 20.00 17.00 21.00 20.00 21.00 27.00 19.00 23.00 22.00 24.00 27.00 16.00 24.00 23.00 23.00 25.00 23.00 24.00 17.00 24.00 18.00 23.00 25.00 25.00 27.00 21.00 23.00 22.00 25.00 20.00 22.00 24.00 29.00 22.00 23.00 22.00 32.00 24.00 30.00 23.00 22.00 22.00 29.00 32.00 20.00 30.00 22.00 25.00 23.00 23.00 21.00 25.00 24.00
31.00 27.00 27.00 25.00 24.00 30.00 31.00 26.00 23.00 30.00 27.00 35.00 28.00 24.00 23.00 25.00 29.00 27.00 21.00 23.00 24.00 25.00 30.00 26.00 28.00 52.00 27.00 34.00 27.00 20.00 27.00 26.00 27.00 19.00 28.00 27.00 24.00 19.00 23.00 25.00 27.00 24.00 20.00 26.00 27.00 23.00 24.00 21.00 24.00 25.00 27.00 27.00 29.00 26.00 19.00 27.00 31.00 23.00 17.00 25.00 19.00 21.00 26.00 24.00 24.00 22.00 23.00 19.00 26.00 29.00 25.00 29.00 22.00 16.00 25.00 28.00 28.00 25.00 26.00 31.00 28.00 31.00 30.00 31.00 26.00 30.00 26.00 24.00 20.00 25.00 27.00 27.00 25.00 29.00 21.00 24.00 26.00 26.00 25.00 26.00
24.00 23.00 22.00 23.00 24.00 18.00 27.00 19.00 17.00 21.00 26.00 32.00 19.00 22.00 21.00 24.00 25.00 23.00 19.00 18.00 23.00 25.00 27.00 23.00 22.00 27.00 46.00 25.00 21.00 20.00 26.00 22.00 21.00 19.00 26.00 21.00 24.00 15.00 22.00 20.00 23.00 21.00 18.00 20.00 23.00 22.00 23.00 15.00 18.00 27.00 29.00 22.00 26.00 21.00 17.00 29.00 26.00 26.00 15.00 28.00 19.00 21.00 17.00 19.00 18.00 20.00 23.00 21.00 20.00 23.00 20.00 23.00 19.00 16.00 32.00 16.00 24.00 21.00 22.00 30.00 26.00 26.00 30.00 26.00 19.00 21.00 22.00 22.00 17.00 23.00 24.00 19.00 22.00 24.00 19.00 27.00 26.00 27.00 21.00 19.00
35.00 27.00 27.00 24.00 26.00 26.00 29.00 28.00 28.00 30.00 36.00 36.00 33.00 28.00 26.00 29.00 24.00 32.00 27.00 24.00 31.00 31.00 35.00 27.00 30.00 34.00 25.00 59.00 29.00 21.00 33.00 32.00 29.00 23.00 31.00 26.00 34.00 27.00 25.00 30.00 30.00 30.00 19.00 29.00 31.00 28.00 30.00 22.00 23.00 33.00 30.00 27.00 32.00 25.00 30.00 32.00 34.00 34.00 20.00 26.00 26.00 27.00 34.00 26.00 28.00 26.00 29.00 29.00 24.00 30.00 30.00 36.00 28.00 26.00 29.00 28.00 26.00 29.00 33.00 37.00 28.00 26.00 33.00 38.00 33.00 36.00 29.00 27.00 25.00 31.00 33.00 28.00 30.00 27.00 25.00 32.00 32.00 31.00 27.00 31.00
31.00 30.00 29.00 28.00 30.00 27.00 30.00 19.00 24.00 27.00 30.00 26.00 29.00 29.00 21.00 27.00 25.00 29.00 25.00 27.00 29.00 31.00 33.00 31.00 22.00 27.00 21.00 29.00 54.00 25.00 32.00 26.00 29.00 23.00 27.00 24.00 26.00 26.00 23.00 28.00 24.00 20.00 21.00 21.00 21.00 26.00 28.00 19.00 20.00 31.00 27.00 25.00 32.00 25.00 25.00 31.00 30.00 25.00 24.00 33.00 25.00 28.00 23.00 18.00 27.00 25.00 26.00 23.00 27.00 33.00 27.00 31.00 31.00 24.00 23.00 29.00 22.00 27.00 28.00 31.00 35.00 29.00 30.00 29.00 20.00 36.00 25.00 25.00 23.00 25.00 32.00 24.00 29.00 26.00 22.00 29.00 23.00 27.00 28.00 21.00
27.00 21.00 25.00 20.00 22.00 22.00 23.00 12.00 21.00 21.00 24.00 21.00 27.00 23.00 24.00 18.00 16.00 22.00 17.00 21.00 18.00 26.00 25.00 19.00 22.00 20.00 20.00 21.00 25.00 46.00 25.00 21.00 32.00 23.00 22.00 20.00 24.00 24.00 20.00 22.00 22.00 21.00 18.00 17.00 21.00 26.00 24.00 18.00 21.00 26.00 18.00 21.00 26.00 26.00 22.00 22.00 26.00 26.00 20.00 26.00 20.00 22.00 21.00 23.00 22.00 21.00 23.00 20.00 22.00 23.00 22.00 23.00 20.00 20.00 23.00 24.00 17.00 23.00 28.00 29.00 22.00 20.00 24.00 23.00 22.00 27.00 22.00 23.00 18.00 27.00 28.00 16.00 24.00 28.00 21.00 20.00 23.00 21.00 26.00 23.00
34.00 29.00 32.00 23.00 29.00 30.00 33.00 23.00 23.00 29.00 32.00 33.00 34.00 32.00 27.00 30.00 29.00 37.00 26.00 22.00 31.00 30.00 31.00 25.00 29.00 27.00 26.00 33.00 32.00 25.00 60.00 27.00 30.00 25.00 29.00 25.00 30.00 32.00 25.00 25.00 26.00 29.00 24.00 31.00 30.00 30.00 27.00 21.00 25.00 31.00 29.00 28.00 30.00 30.00 34.00 31.00 32.00 31.00 21.00 26.00 26.00 31.00 28.00 32.00 28.00 28.00 31.00 22.00 28.00 36.00 28.00 38.00 29.00 30.00 31.00 31.00 29.00 28.00 29.00 34.00 29.00 28.00 32.00 34.00 26.00 36.00 24.00 34.00 26.00 32.00 36.00 24.00 28.00 33.00 28.00 31.00 31.00 32.00 30.00 26.00
36.00 28.00 26.00 26.00 24.00 24.00 33.00 25.00 26.00 30.00 29.00 33.00 31.00 27.00 25.00 25.00 21.00 30.00 26.00 25.00 27.00 28.00 31.00 26.00 22.00 26.00 22.00 32.00 26.00 21.00 27.00 54.00 30.00 26.00 26.00 26.00 27.00 27.00 22.00 25.00 24.00 27.00 22.00 25.00 30.00 24.00 25.00 20.00 22.00 32.00 26.00 27.00 34.00 26.00 30.00 31.00 26.00 32.00 25.00 31.00 23.00 27.00 22.00 26.00 26.00 25.00 25.00 23.00 24.00 28.00 24.00 31.00 25.00 19.00 26.00 22.00 22.00 29.00 30.00 30.00 32.00 24.00 26.00 34.00 29.00 32.00 23.00 23.00 21.00 29.00 32.00 28.00 24.00 28.00 25.00 30.00 27.00 25.00 28.00 27.00
36.00 24.00 28.00 27.00 25.00 29.00 33.00 16.00 24.00 24.00 25.00 30.00 35.00 28.00 28.00 26.00 20.00 30.00 20.00 26.00 26.00 30.00 36.00 24.00 20.00 27.00 21.00 29.00 29.00 32.00 30.00 30.00 55.00 28.00 27.00 23.00 26.00 27.00 25.00 24.00 27.00 26.00 19.00 23.00 30.00 30.00 28.00 20.00 24.00 26.00 24.00 23.00 31.00 29.00 28.00 28.00 27.00 32.00 20.00 30.00 26.00 27.00 27.00 25.00 26.00 27.00 30.00 28.00 27.00 32.00 30.00 29.00 33.00 19.00 27.00 27.00 23.00 28.00 33.00 28.00 35.00 28.00 26.00 29.00 24.00 31.00 23.00 27.00 19.00 30.00 35.00 25.00 26.00 31.00 26.00 24.00 28.00 24.00 32.00 28.00
29.00 21.00 22.00 17.00 23.00 19.00 30.00 16.00 23.00 27.00 25.00 27.00 28.00 26.00 21.00 23.00 19.00 22.00 17.00 22.00 25.00 28.00 26.00 25.00 20.00 19.00 19.00 23.00 23.00 23.00 25.00 26.00 28.00 47.00 20.00 22.00 24.00 28.00 22.00 22.00 24.00 24.00 16.00 23.00 26.00 30.00 22.00 19.00 25.00 27.00 19.00 18.00 25.00 23.00 23.00 27.00 28.00 23.00 22.00 24.00 23.00 28.00 21.00 23.00 20.00 24.00 19.00 21.00 24.00 28.00 24.00 26.00 23.00 21.00 31.00 20.00 22.00 22.00 26.00 29.00 27.00 23.00 23.00 24.00 20.00 25.00 20.00 24.00 19.00 24.00 28.00 18.00 25.00 26.00 23.00 25.00 17.00 23.00 24.00 26.00
32.00 30.00 29.00 22.00 26.00 26.00 32.00 23.00 23.00 30.00 25.00 30.00 26.00 23.00 29.00 28.00 26.00 31.00 21.00 23.00 23.00 28.00 34.00 32.00 23.00 28.00 26.00 31.00 27.00 22.00 29.00 26.00 27.00 20.00 51.00 23.00 28.00 22.00 23.00 28.00 21.00 26.00 24.00 22.00 26.00 25.00 26.00 24.00 21.00 26.00 28.00 23.00 28.00 28.00 24.00 27.00 25.00 28.00 19.00 29.00 25.00 20.00 25.00 22.00 22.00 23.00 26.00 20.00 22.00 29.00 22.00 28.00 26.00 26.00 26.00 21.00 27.00 29.00 30.00 29.00 31.00 24.00 32.00 27.00 18.00 29.00 23.00 25.00 24.00 29.00 33.00 28.00 27.00 26.00 24.00 27.00 28.00 25.00 23.00 20.00
28.00 24.00 25.00 22.00 24.00 21.00 29.00 17.00 24.00 24.00 22.00 25.00 27.00 22.00 22.00 20.00 21.00 25.00 22.00 25.00 22.00 21.00 27.00 25.00 23.00 27.00 21.00 26.00 24.00 20.00 25.00 26.00 23.00 22.00 23.00 46.00 20.00 23.00 19.00 21.00 22.00 20.00 21.00 22.00 22.00 26.00 23.00 17.00 21.00 23.00 20.00 21.00 25.00 22.00 21.00 26.00 28.00 19.00 20.00 23.00 20.00 22.00 20.00 17.00 17.00 19.00 18.00 16.00 24.00 25.00 25.00 29.00 18.00 19.00 27.00 22.00 21.00 19.00 22.00 26.00 25.00 26.00 23.00 30.00 26.00 30.00 25.00 19.00 22.00 27.00 28.00 20.00 22.00 23.00 23.00 27.00 24.00 21.00 20.00 19.00
31.00 25.00 24.00 23.00 25.00 27.00 30.00 23.00 21.00 26.00 31.00 31.00 32.00 25.00 24.00 25.00 25.00 27.00 21.00 23.00 26.00 29.00 34.00 25.00 24.00 24.00 24.00 34.00 26.00 24.00 30.00 27.00 26.00 24.00 28.00 20.00 52.00 25.00 19.00 28.00 24.00 24.00 23.00 27.00 26.00 23.00 27.00 22.00 22.00 29.00 28.00 23.00 30.00 28.00 26.00 30.00 32.00 31.00 21.00 26.00 27.00 26.00 28.00 26.00 24.00 25.00 29.00 22.00 24.00 28.00 28.00 32.00 28.00 24.00 29.00 24.00 19.00 27.00 31.00 33.00 28.00 26.00 25.00 31.00 26.00 29.00 26.00 25.00 21.00 28.00 29.00 28.00 28.00 29.00 25.00 28.00 28.00 28.00 28.00 26.00
27.00 25.00 23.00 19.00 21.00 24.00 30.00 19.00 25.00 21.00 27.00 24.00 30.00 27.00 23.00 18.00 23.00 29.00 22.00 27.00 22.00 23.00 29.00 22.00 23.00 19.00 15.00 27.00 26.00 24.00 32.00 27.00 27.00 28.00 22.00 23.00 25.00 49.00 19.00 21.00 21.00 25.00 19.00 23.00 26.00 26.00 24.00 21.00 22.00 28.00 22.00 26.00 28.00 24.00 25.00 29.00 30.00 27.00 20.00 24.00 26.00 24.00 24.00 24.00 21.00 24.00 27.00 23.00 28.00 28.00 30.00 31.00 23.00 26.00 25.00 25.00 17.00 23.00 28.00 28.00 28.00 25.00 24.00 22.00 18.00 30.00 19.00 22.00 20.00 31.00 31.00 22.00 28.00 28.00 24.00 25.00 21.00 25.00 22.00 24.00
24.00 22.00 21.00 17.00 20.00 18.00 27.00 14.00 21.00 20.00 23.00 26.00 20.00 20.00 18.00 18.00 21.00 23.00 19.00 21.00 25.00 24.00 29.00 20.00 19.00 23.00 22.00 25.00 23.00 20.00 25.00 22.00 25.00 22.00 23.00 19.00 19.00 19.00 43.00 18.00 19.00 19.00 12.00 20.00 28.00 21.00 22.00 14.00 16.00 18.00 22.00 18.00 18.00 19.00 18.00 26.00 22.00 22.00 15.00 24.00 21.00 17.00 20.00 22.00 16.00 23.00 19.00 15.00 21.00 21.00 19.00 19.00 15.00 19.00 25.00 18.00 24.00 23.00 24.00 29.00 26.00 23.00 24.00 27.00 15.00 19.00 19.00 23.00 17.00 22.00 26.00 19.00 19.00 21.00 19.00 20.00 19.00 22.00 19.00 20.00
29.00 31.00 23.00 26.00 25.00 28.00 27.00 20.00 21.00 23.00 30.00 24.00 28.00 26.00 21.00 23.00 19.00 24.00 19.00 21.00 25.00 26.00 28.00 27.00 21.00 25.00 20.00 30.00 28.00 22.00 25.00 25.00 24.00 22.00 28.00 21.00 28.00 21.00 18.00 50.00 20.00 24.00 20.00 19.00 26.00 24.00 26.00 26.00 22.00 26.00 24.00 25.00 29.00 29.00 21.00 28.00 27.00 29.00 22.00 30.00 24.00 25.00 24.00 16.00 21.00 22.00 22.00 25.00 25.00 30.00 23.00 32.00 26.00 25.00 27.00 25.00 19.00 23.00 27.00 30.00 29.00 24.00 26.00 27.00 27.00 30.00 28.00 23.00 21.00 24.00 29.00 27.00 26.00 24.00 23.00 24.00 25.00 19.00 23.00 25.00
26.00 23.00 24.00 20.00 21.00 20.00 28.00 17.00 22.00 25.00 23.00 30.00 30.00 28.00 19.00 21.00 25.00 22.00 15.00 21.00 24.00 26.00 27.00 27.00 24.00 27.00 23.00 30.00 24.00 22.00 26.00 24.00 27.00 24.00 21.00 22.00 24.00 21.00 19.00 20.00 47.00 23.00 18.00 24.00 25.00 26.00 23.00 20.00 21.00 28.00 26.00 21.00 25.00 23.00 22.00 30.00 29.00 24.00 19.00 23.00 19.00 25.00 22.00 26.00 25.00 20.00 24.00 18.00 15.00 25.00 25.00 24.00 23.00 15.00 25.00 21.00 24.00 25.00 27.00 32.00 26.00 22.00 26.00 24.00 19.00 28.00 21.00 22.00 14.00 25.00 27.00 23.00 25.00 29.00 20.00 25.00 19.00 26.00 23.00 24.00
29.00 26.00 25.00 17.00 20.00 22.00 26.00 23.00 20.00 25.00 29.00 27.00 29.00 24.00 21.00 19.00 18.00 25.00 19.00 23.00 24.00 26.00 29.00 23.00 24.00 24.00 21.00 30.00 20.00 21.00 29.00 27.00 26.00 24.00 26.00 20.00 24.00 25.00 19.00 24.00 23.00 48.00 21.00 23.00 28.00 29.00 24.00 18.00 18.00 25.00 24.00 21.00 27.00 24.00 26.00 25.00 27.00 27.00 19.00 24.00 18.00 23.00 22.00 23.00 19.00 19.00 22.00 21.00 22.00 29.00 20.00 26.00 22.00 21.00 27.00 24.00 21.00 25.00 26.00 30.00 25.00 25.00 28.00 29.00 25.00 26.00 23.00 26.00 19.00 27.00 26.00 21.00 23.00 19.00 20.00 20.00 27.00 26.00 25.00 19.00
24.00 28.00 22.00 23.00 19.00 24.00 25.00 17.00 19.00 21.00 20.00 26.00 27.00 22.00 18.00 20.00 19.00 24.00 19.00 21.00 20.00 24.00 19.00 21.00 18.00 20.00 18.00 19.00 21.00 18.00 24.00 22.00 19.00 16.00 24.00 21.00 23.00 19.00 12.00 20.00 18.00 21.00 43.00 19.00 24.00 22.00 29.00 20.00 15.00 24.00 20.00 24.00 26.00 23.00 23.00 23.00 20.00 23.00 19.00 26.00 21.00 17.00 19.00 23.00 18.00 18.00 21.00 20.00 22.00 21.00 19.00 24.00 23.00 22.00 24.00 19.00 22.00 20.00 17.00 23.00 24.00 23.00 23.00 23.00 18.00 25.00 27.00 21.00 16.00 25.00 25.00 24.00 23.00 25.00 20.00 22.00 22.00 17.00 22.00 18.00
23.00 25.00 22.00 20.00 22.00 24.00 27.00 23.00 20.00 26.00 26.00 30.00 27.00 27.00 23.00 26.00 24.00 24.00 25.00 18.00 25.00 25.00 27.00 25.00 24.00 26.00 20.00 29.00 21.00 17.00 31.00 25.00 23.00 23.00 22.00 22.00 27.00 23.00 20.00 19.00 24.00 23.00 19.00 48.00 28.00 26.00 23.00 23.00 23.00 23.00 24.00 21.00 26.00 18.00 29.00 26.00 27.00 21.00 21.00 22.00 22.00 27.00 19.00 25.00 19.00 24.00 21.00 21.00 22.00 23.00 19.00 26.00 21.00 22.00 27.00 26.00 21.00 25.00 24.00 24.00 29.00 22.00 28.00 26.00 24.00 24.00 24.00 24.00 19.00 26.00 31.00 25.00 27.00 26.00 25.00 28.00 28.00 28.00 22.00 19.00
31.00 29.00 27.00 20.00 22.00 26.00 33.00 20.00 26.00 28.00 31.00 35.00 28.00 26.00 23.00 23.00 24.00 29.00 23.00 29.00 31.00 28.00 28.00 27.00 22.00 27.00 23.00 31.00 21.00 21.00 30.00 30.00 30.00 26.00 26.00 22.00 26.00 26.00 28.00 26.00 25.00 28.00 24.00 28.00 54.00 29.00 28.00 17.00 21.00 31.00 26.00 24.00 27.00 27.00 27.00 31.00 24.00 30.00 22.00 29.00 27.00 25.00 26.00 27.00 20.00 24.00 27.00 23.00 30.00 28.00 25.00 30.00 22.00 25.00 28.00 22.00 24.00 25.00 29.00 31.00 31.00 26.00 25.00 28.00 27.00 27.00 29.00 28.00 18.00 28.00 32.00 29.00 28.00 25.00 21.00 27.00 28.00 25.00 28.00 25.00
32.00 29.00 29.00 19.00 27.00 24.00 28.00 23.00 26.00 25.00 25.00 33.00 33.00 30.00 25.00 28.00 19.00 29.00 21.00 25.00 28.00 32.00 27.00 28.00 26.00 23.00 22.00 28.00 26.00 26.00 30.00 24.00 30.00 30.00 25.00 26.00 23.00 26.00 21.00 24.00 26.00 29.00 22.00 26.00 29.00 54.00 30.00 26.00 24.00 26.00 24.00 26.00 28.00 28.00 32.00 28.00 31.00 28.00 25.00 26.00 25.00 29.00 28.00 24.00 21.00 26.00 28.00 22.00 26.00 31.00 26.00 29.00 24.00 21.00 32.00 27.00 27.00 30.00 24.00 28.00 30.00 25.00 28.00 30.00 26.00 30.00 30.00 28.00 19.00 34.00 33.00 27.00 27.00 28.00 22.00 27.00 31.00 29.00 28.00 25.00
30.00 30.00 23.00 24.00 25.00 25.00 28.00 19.00 28.00 28.00 24.00 30.00 31.00 31.00 21.00 21.00 21.00 24.00 23.00 21.00 26.00 31.00 30.00 28.00 24.00 24.00 23.00 30.00 28.00 24.00 27.00 25.00 28.00 22.00 26.00 23.00 27.00 24.00 22.00 26.00 23.00 24.00 29.00 23.00 28.00 30.00 52.00 25.00 21.00 27.00 28.00 27.00 30.00 28.00 29.00 30.00 27.00 30.00 20.00 33.00 28.00 23.00 24.00 26.00 24.00 26.00 25.00 25.00 26.00 29.00 24.00 29.00 22.00 22.00 26.00 25.00 21.00 21.00 24.00 28.00 27.00 28.00 30.00 24.00 24.00 35.00 24.00 24.00 22.00 27.00 28.00 25.00 28.00 28.00 21.00 23.00 27.00 21.00 22.00 24.00
24.00 23.00 22.00 19.00 17.00 23.00 26.00 23.00 21.00 22.00 18.00 23.00 24.00 24.00 20.00 22.00 17.00 26.00 17.00 21.00 18.00 20.00 24.00 22.00 20.00 21.00 15.00 22.00 19.00 18.00 21.00 20.00 20.00 19.00 24.00 17.00 22.00 21.00 14.00 26.00 20.00 18.00 20.00 23.00 17.00 26.00 25.00 43.00 21.00 20.00 19.00 21.00 23.00 21.00 23.00 21.00 24.00 23.00 20.00 24.00 20.00 22.00 19.00 20.00 15.00 21.00 20.00 20.00 23.00 22.00 21.00 23.00 23.00 21.00 23.00 23.00 19.00 20.00 17.00 25.00 24.00 17.00 24.00 16.00 21.00 20.00 21.00 18.00 21.00 27.00 24.00 25.00 27.00 28.00 23.00 24.00 22.00 21.00 23.00 24.00
24.00 18.00 21.00 17.00 20.00 21.00 25.00 13.00 21.00 26.00 17.00 23.00 27.00 28.00 23.00 20.00 20.00 24.00 12.00 20.00 20.00 24.00 22.00 23.00 17.00 24.00 18.00 23.00 20.00 21.00 25.00 22.00 24.00 25.00 21.00 21.00 22.00 22.00 16.00 22.00 21.00 18.00 15.00 23.00 21.00 24.00 21.00 21.00 43.00 21.00 25.00 18.00 25.00 26.00 20.00 24.00 27.00 19.00 20.00 21.00 17.00 22.00 19.00 24.00 23.00 23.00 19.00 16.00 20.00 21.00 19.00 26.00 19.00 21.00 29.00 23.00 17.00 15.00 26.00 28.00 21.00 21.00 24.00 21.00 20.00 27.00 23.00 18.00 21.00 27.00 28.00 19.00 23.00 27.00 21.00 21.00 23.00 22.00 19.00 22.00
32.00 27.00 27.00 21.00 26.00 23.00 33.00 23.00 29.00 25.00 29.00 30.00 29.00 25.00 22.00 25.00 28.00 30.00 29.00 22.00 24.00 29.00 31.00 29.00 21.00 25.00 27.00 33.00 31.00 26.00 31.00 32.00 26.00 27.00 26.00 23.00 29.00 28.00 18.00 26.00 28.00 25.00 24.00 23.00 31.00 26.00 27.00 20.00 21.00 55.00 27.00 26.00 31.00 27.00 26.00 29.00 32.00 31.00 24.00 31.00 22.00 31.00 22.00 26.00 29.00 24.00 23.00 30.00 26.00 33.00 29.00 30.00 27.00 23.00 30.00 25.00 24.00 26.00 28.00 33.00 27.00 26.00 29.00 28.00 22.00 35.00 27.00 28.00 23.00 31.00 31.00 21.00 27.00 28.00 22.00 32.00 22.00 28.00 28.00 29.00
25.00 28.00 27.00 19.00 27.00 25.00 30.00 21.00 24.00 30.00 27.00 29.00 27.00 30.00 23.00 26.00 27.00 25.00 22.00 20.00 27.00 26.00 33.00 23.00 20.00 27.00 29.00 30.00 27.00 18.00 29.00 26.00 24.00 19.00 28.00 20.00 28.00 22.00 22.00 24.00 26.00 24.00 20.00 24.00 26.00 24.00 28.00 19.00 25.00 27.00 51.00 27.00 31.00 27.00 28.00 29.00 34.00 27.00 20.00 28.00 23.00 22.00 23.00 25.00 25.00 22.00 24.00 21.00 23.00 27.00 22.00 28.00 22.00 22.00 32.00 24.00 25.00 23.00 27.00 32.00 29.00 27.00 31.00 25.00 20.00 31.00 27.00 25.00 19.00 27.00 30.00 25.00 23.00 28.00 23.00 24.00 27.00 29.00 22.00 25.00
27.00 30.00 23.00 20.00 20.00 26.00 27.00 21.00 27.00 25.00 25.00 29.00 30.00 29.00 25.00 19.00 20.00 28.00 22.00 24.00 23.00 27.00 26.00 24.00 21.00 27.00 22.00 27.00 25.00 21.00 28.00 27.00 23.00 18.00 23.00 21.00 23.00 26.00 18.00 25.00 21.00 21.00 24.00 21.00 24.00 26.00 27.00 21.00 18.00 26.00 27.00 50.00 31.00 20.00 28.00 28.00 28.00 30.00 21.00 27.00 25.00 24.00 26.00 24.00 21.00 20.00 27.00 26.00 24.00 27.00 26.00 34.00 22.00 20.00 25.00 23.00 25.00 25.00 28.00 28.00 25.00 27.00 26.00 28.00 18.00 25.00 26.00 20.00 15.00 30.00 27.00 25.00 25.00 27.00 17.00 24.00 24.00 22.00 25.00 26.00
33.00 30.00 34.00 27.00 26.00 29.00 33.00 23.00 27.00 33.00 28.00 34.00 36.00 31.00 31.00 26.00 26.00 33.00 23.00 26.00 28.00 36.00 36.00 28.00 27.00 29.00 26.00 32.00 32.00 26.00 30.00 34.00 31.00 25.00 28.00 25.00 30.00 28.00 18.00 29.00 25.00 27.00 26.00 26.00 27.00 28.00 30.00 23.00 25.00 31.00 31.00 31.00 59.00 32.00 29.00 32.00 33.00 37.00 23.00 33.00 26.00 28.00 24.00 30.00 29.00 27.00 29.00 27.00 22.00 29.00 29.00 37.00 30.00 22.00 29.00 33.00 25.00 25.00 33.00 31.00 35.00 28.00 30.00 30.00 27.00 34.00 32.00 30.00 23.00 32.00 36.00 28.00 32.00 32.00 27.00 34.00 28.00 23.00 34.00 28.00
30.00 30.00 27.00 24.00 22.00 26.00 34.00 18.00 24.00 24.00 26.00 29.00 30.00 28.00 24.00 24.00 19.00 31.00 16.00 20.00 26.00 30.00 29.00 27.00 19.00 26.00 21.00 25.00 25.00 26.00 30.00 26.00 29.00 23.00 28.00 22.00 28.00 24.00 19.00 29.00 23.00 24.00 23.00 18.00 27.00 28.00 28.00 21.00 26.00 27.00 27.00 20.00 32.00 51.00 24.00 27.00 29.00 28.00 19.00 30.00 26.00 21.00 28.00 26.00 24.00 26.00 26.00 20.00 21.00 29.00 25.00 28.00 21.00 24.00 26.00 23.00 25.00 19.00 28.00 29.00 28.00 23.00 26.00 24.00 23.00 32.00 30.00 30.00 24.00 31.00 32.00 23.00 25.00 30.00 21.00 24.00 27.00 23.00 24.00 25.00
31.00 29.00 23.00 17.00 21.00 23.00 30.00 23.00 25.00 26.00 26.00 28.00 31.00 34.00 25.00 26.00 20.00 29.00 24.00 24.00 26.00 34.00 29.00 23.00 23.00 19.00 17.00 30.00 25.00 22.00 34.00 30.00 28.00 23.00 24.00 21.00 26.00 25.00 18.00 21.00 22.00 26.00 23.00 29.00 27.00 32.00 29.00 23.00 20.00 26.00 28.00 28.00 29.00 24.00 52.00 26.00 28.00 33.00 23.00 24.00 24.00 24.00 28.00 24.00 25.00 25.00 26.00 24.00 26.00 30.00 25.00 32.00 25.00 23.00 25.00 24.00 23.00 30.00 25.00 23.00 26.00 22.00 26.00 30.00 28.00 28.00 27.00 27.00 21.00 27.00 31.00 21.00 25.00 26.00 24.00 28.00 30.00 27.00 25.00 26.00
34.00 30.00 25.00 25.00 28.00 28.00 32.00 24.00 24.00 28.00 33.00 36.00 29.00 33.00 26.00 26.00 24.00 29.00 23.00 27.00 33.00 31.00 31.00 31.00 22.00 27.00 29.00 32.00 31.00 22.00 31.00 31.00 28.00 27.00 27.00 26.00 30.00 29.00 26.00 28.00 30.00 25.00 23.00 26.00 31.00 28.00 30.00 21.00 24.00 29.00 29.00 28.00 32.00 27.00 26.00 58.00 32.00 32.00 24.00 34.00 32.00 24.00 25.00 26.00 27.00 23.00 29.00 26.00 25.00 30.00 31.00 36.00 29.00 23.00 31.00 23.00 27.00 28.00 36.00 36.00 36.00 28.00 36.00 31.00 24.00 30.00 27.00 26.00 19.00 32.00 33.00 31.00 27.00 33.00 25.00 32.00 28.00 32.00 27.00 29.00
28.00 31.00 31.00 23.00 31.00 27.00 35.00 22.00 29.00 30.00 32.00 28.00 32.00 32.00 27.00 25.00 30.00 29.00 25.00 27.00 29.00 31.00 37.00 27.00 24.00 31.00 26.00 34.00 30.00 26.00 32.00 26.00 27.00 28.00 25.00 28.00 32.00 30.00 22.00 27.00 29.00 27.00 20.00 27.00 24.00 31.00 27.00 24.00 27.00 32.00 34.00 28.00 33.00 29.00 28.00 32.00 58.00 31.00 20.00 29.00 24.00 30.00 31.00 27.00 27.00 25.00 25.00 24.00 30.00 30.00 28.00 35.00 25.00 25.00 33.00 34.00 28.00 26.00 30.00 34.00 33.00 32.00 28.00 33.00 27.00 33.00 33.00 28.00 25.00 32.00 33.00 26.00 28.00 34.00 24.00 31.00 30.00 28.00 33.00 28.00
31.00 32.00 28.00 24.00 25.00 24.00 30.00 23.00 24.00 25.00 30.00 30.00 31.00 27.00 23.00 27.00 22.00 35.00 24.00 28.00 28.00 34.00 35.00 27.00 27.00 23.00 26.00 34.00 25.00 26.00 31.00 32.00 32.00 23.00 28.00 19.00 31.00 27.00 22.00 29.00 24.00 27.00 23.00 21.00 30.00 28.00 30.00 23.00 19.00 31.00 27.00 30.00 37.00 28.00 33.00 32.00 31.00 57.00 23.00 30.00 28.00 26.00 27.00 27.00 31.00 26.00 29.00 29.00 27.00 29.00 30.00 37.00 26.00 25.00 30.00 26.00 20.00 29.00 32.00 32.00 30.00 28.00 28.00 32.00 28.00 32.00 29.00 27.00 20.00 29.00 34.00 25.00 30.00 29.00 21.00 30.00 28.00 26.00 33.00 32.00
21.00 25.00 19.00 17.00 20.00 19.00 23.00 17.00 20.00 21.00 21.00 26.00 27.00 27.00 18.00 22.00 16.00 24.00 19.00 19.00 22.00 24.00 21.00 23.00 16.00 17.00 15.00 20.00 24.00 20.00 21.00 25.00 20.00 22.00 19.00 20.00 21.00 20.00 15.00 22.00 19.00 19.00 19.00 21.00 22.00 25.00 20.00 20.00 20.00 24.00 20.00 21.00 23.00 19.00 23.00 24.00 20.00 23.00 42.00 18.00 19.00 22.00 17.00 20.00 20.00 22.00 17.00 18.00 20.00 22.00 23.00 24.00 21.00 21.00 26.00 23.00 16.00 21.00 23.00 22.00 26.00 22.00 24.00 23.00 21.00 25.00 21.00 14.00 17.00 24.00 25.00 21.00 23.00 21.00 20.00 20.00 20.00 24.00 20.00 22.00
33.00 32.00 30.00 29.00 28.00 26.00 34.00 20.00 30.00 33.00 28.00 27.00 22.00 32.00 24.00 25.00 21.00 29.00 25.00 29.00 29.00 32.00 31.00 29.00 24.00 25.00 28.00 26.00 33.00 26.00 26.00 31.00 30.00 24.00 29.00 23.00 26.00 24.00 24.00 30.00 23.00 24.00 26.00 22.00 29.00 26.00 33.00 24.00 21.00 31.00 28.00 27.00 33.00 30.00 24.00 34.00 29.00 30.00 18.00 55.00 30.00 25.00 28.00 23.00 23.00 25.00 27.00 28.00 28.00 28.00 23.00 31.00 29.00 23.00 24.00 22.00 24.00 24.00 29.00 32.00 33.00 29.00 28.00 27.00 22.00 33.00 31.00 26.00 21.00 30.00 31.00 23.00 28.00 31.00 25.00 30.00 27.00 27.00 31.00 26.00
32.00 29.00 22.00 21.00 23.00 26.00 28.00 17.00 22.00 24.00 26.00 27.00 23.00 30.00 23.00 23.00 18.00 25.00 19.00 19.00 25.00 24.00 25.00 28.00 23.00 19.00 19.00 26.00 25.00 20.00 26.00 23.00 26.00 23.00 25.00 20.00 27.00 26.00 21.00 24.00 19.00 18.00 21.00 22.00 27.00 25.00 28.00 20.00 17.00 22.00 23.00 25.00 26.00 26.00 24.00 32.00 24.00 28.00 19.00 30.00 48.00 19.00 23.00 24.00 20.00 26.00 25.00 23.00 22.00 23.00 26.00 32.00 24.00 24.00 23.00 22.00 21.00 22.00 26.00 28.00 30.00 27.00 25.00 24.00 21.00 26.00 23.00 24.00 19.00 27.00 31.00 21.00 27.00 24.00 19.00 27.00 26.00 20.00 27.00 20.00
26.00 27.00 29.00 22.00 25.00 22.00 29.00 21.00 23.00 25.00 25.00 28.00 29.00 28.00 25.00 22.00 24.00 27.00 23.00 25.00 26.00 28.00 28.00 27.00 23.00 21.00 21.00 27.00 28.00 22.00 31.00 27.00 27.00 28.00 20.00 22.00 26.00 24.00 17.00 25.00 25.00 23.00 17.00 27.00 25.00 29.00 23.00 22.00 22.00 31.00 22.00 24.00 28.00 21.00 24.00 24.00 30.00 26.00 22.00 25.00 19.00 50.00 17.00 23.00 21.00 20.00 27.00 24.00 24.00 28.00 26.00 30.00 25.00 22.00 27.00 30.00 24.00 25.00 27.00 33.00 27.00 23.00 25.00 28.00 23.00 29.00 20.00 24.00 20.00 28.00 27.00 22.00 25.00 25.00 19.00 27.00 19.00 25.00 26.00 20.00
28.00 25.00 23.00 24.00 22.00 26.00 25.00 19.00 24.00 25.00 26.00 27.00 28.00 24.00 24.00 22.00 18.00 31.00 18.00 25.00 26.00 27.00 27.00 23.00 25.00 26.00 17.00 34.00 23.00 21.00 28.00 22.00 27.00 21.00 25.00 20.00 28.00 24.00 20.00 24.00 22.00 22.00 19.00 19.00 26.00 28.00 24.00 19.00 19.00 22.00 23.00 26.00 24.00 28.00 28.00 25.00 31.00 27.00 17.00 28.00 23.00 17.00 49.00 23.00 23.00 17.00 25.00 20.00 24.00 29.00 24.00 29.00 25.00 22.00 24.00 24.00 22.00 24.00 28.00 28.00 26.00 24.00 20.00 27.00 23.00 27.00 28.00 22.00 19.00 28.00 29.00 24.00 27.00 28.00 23.00 22.00 25.00 25.00 27.00 29.00
27.00 22.00 24.00 17.00 24.00 27.00 29.00 19.00 21.00 25.00 21.00 31.00 30.00 29.00 25.00 19.00 20.00 25.00 15.00 18.00 23.00 27.00 27.00 21.00 23.00 24.00 19.00 26.00 18.00 23.00 32.00 26.00 25.00 23.00 22.00 17.00 26.00 24.00 22.00 16.00 26.00 23.00 23.00 25.00 27.00 24.00 26.00 20.00 24.00 26.00 25.00 24.00 30.00 26.00 24.00 26.00 27.00 27.00 20.00 23.00 24.00 23.00 23.00 48.00 22.00 21.00 25.00 19.00 20.00 22.00 25.00 25.00 24.00 21.00 25.00 26.00 22.00 20.00 23.00 33.00 23.00 22.00 25.00 23.00 20.00 24.00 21.00 26.00 17.00 29.00 31.00 20.00 23.00 25.00 22.00 22.00 24.00 20.00 27.00 27.00
25.00 16.00 22.00 21.00 24.00 20.00 23.00 17.00 25.00 25.00 21.00 26.00 25.00 22.00 21.00 24.00 24.00 22.00 17.00 18.00 25.00 29.00 30.00 23.00 24.00 24.00 18.00 28.00 27.00 22.00 28.00 26.00 26.00 20.00 22.00 17.00 24.00 21.00 16.00 21.00 25.00 19.00 18.00 19.00 20.00 21.00 24.00 15.00 23.00 29.00 25.00 21.00 29.00 24.00 25.00 27.00 27.00 31.00 20.00 23.00 20.00 21.00 23.00 22.00 46.00 22.00 21.00 22.00 20.00 28.00 23.00 30.00 21.00 21.00 23.00 23.00 16.00 19.00 28.00 24.00 26.00 19.00 22.00 23.00 18.00 31.00 24.00 23.00 21.00 23.00 27.00 19.00 23.00 30.00 19.00 21.00 21.00 24.00 28.00 24.00
27.00 22.00 25.00 16.00 22.00 21.00 28.00 17.00 28.00 23.00 19.00 23.00 27.00 29.00 23.00 22.00 20.00 21.00 21.00 18.00 26.00 29.00 24.00 22.00 17.00 22.00 20.00 26.00 25.00 21.00 28.00 25.00 27.00 24.00 23.00 19.00 25.00 24.00 23.00 22.00 20.00 19.00 18.00 24.00 24.00 26.00 26.00 21.00 23.00 24.00 22.00 20.00 27.00 26.00 25.00 23.00 25.00 26.00 22.00 25.00 26.00 20.00 17.00 21.00 22.00 47.00 22.00 21.00 22.00 28.00 20.00 26.00 20.00 20.00 26.00 22.00 23.00 23.00 26.00 23.00 26.00 24.00 25.00 24.00 22.00 29.00 26.00 26.00 23.00 25.00 29.00 20.00 26.00 28.00 20.00 23.00 26.00 22.00 25.00 23.00
29.00 23.00 28.00 24.00 17.00 24.00 29.00 20.00 19.00 23.00 30.00 27.00 31.00 25.00 26.00 25.00 19.00 30.00 17.00 27.00 22.00 31.00 29.00 24.00 24.00 23.00 23.00 29.00 26.00 23.00 31.00 25.00 30.00 19.00 26.00 18.00 29.00 27.00 19.00 22.00 24.00 22.00 21.00 21.00 27.00 28.00 25.00 20.00 19.00 23.00 24.00 27.00 29.00 26.00 26.00 29.00 25.00 29.00 17.00 27.00 25.00 27.00 25.00 25.00 21.00 22.00 50.00 25.00 25.00 25.00 31.00 33.00 26.00 23.00 22.00 23.00 22.00 29.00 28.00 27.00 29.00 23.00 26.00 27.00 22.00 30.00 24.00 25.00 15.00 32.00 31.00 27.00 22.00 29.00 19.00 24.00 26.00 23.00 27.00 22.00
26.00 24.00 25.00 19.00 26.00 23.00 26.00 20.00 25.00 21.00 25.00 25.00 24.00 23.00 19.00 23.00 16.00 25.00 22.00 22.00 21.00 26.00 30.00 19.00 18.00 19.00 21.00 29.00 23.00 20.00 22.00 23.00 28.00 21.00 20.00 16.00 22.00 23.00 15.00 25.00 18.00 21.00 20.00 21.00 23.00 22.00 25.00 20.00 16.00 30.00 21.00 26.00 27.00 20.00 24.00 26.00 24.00 29.00 18.00 28.00 23.00 24.00 20.00 19.00 22.00 21.00 25.00 47.00 26.00 25.00 28.00 30.00 27.00 19.00 27.00 21.00 24.00 22.00 23.00 24.00 27.00 20.00 22.00 20.00 17.00 25.00 23.00 24.00 17.00 26.00 27.00 23.00 24.00 24.00 18.00 30.00 23.00 22.00 24.00 21.00
29.00 25.00 22.00 24.00 23.00 29.00 26.00 18.00 22.00 27.00 32.00 26.00 24.00 29.00 20.00 25.00 23.00 27.00 23.00 24.00 25.00 29.00 30.00 21.00 23.00 26.00 20.00 24.00 27.00 22.00 28.00 24.00 27.00 24.00 22.00 24.00 24.00 28.00 21.00 25.00 15.00 22.00 22.00 22.00 30.00 26.00 26.00 23.00 20.00 26.00 23.00 24.00 22.00 21.00 26.00 25.00 30.00 27.00 20.00 28.00 22.00 24.00 24.00 20.00 20.00 22.00 25.00 26.00 50.00 30.00 29.00 30.00 24.00 24.00 28.00 26.00 21.00 23.00 27.00 25.00 27.00 28.00 25.00 28.00 24.00 27.00 26.00 21.00 23.00 25.00 28.00 23.00 25.00 23.00 26.00 28.00 29.00 20.00 29.00 23.00
31.00 27.00 29.00 20.00 27.00 23.00 33.00 20.00 28.00 26.00 24.00 30.00 33.00 28.00 22.00 27.00 25.00 25.00 25.00 27.00 28.00 33.00 32.00 28.00 25.00 29.00 23.00 30.00 33.00 23.00 36.00 28.00 32.00 28.00 29.00 25.00 28.00 28.00 21.00 30.00 25.00 29.00 21.00 23.00 28.00 31.00 29.00 22.00 21.00 33.00 27.00 27.00 29.00 29.00 30.00 30.00 30.00 29.00 22.00 28.00 23.00 28.00 29.00 22.00 28.00 28.00 25.00 25.00 30.00 56.00 30.00 35.00 27.00 23.00 32.00 30.00 22.00 26.00 28.00 31.00 33.00 26.00 29.00 32.00 24.00 34.00 27.00 27.00 26.00 29.00 30.00 24.00 32.00 29.00 22.00 25.00 24.00 25.00 30.00 31.00
29.00 23.00 23.00 23.00 20.00 24.00 29.00 18.00 26.00 20.00 28.00 26.00 30.00 27.00 23.00 22.00 24.00 28.00 16.00 27.00 24.00 24.00 31.00 22.00 25.00 25.00 20.00 30.00 27.00 22.00 28.00 24.00 30.00 24.00 22.00 25.00 28.00 30.00 19.00 23.00 25.00 20.00 19.00 19.00 25.00 26.00 24.00 21.00 19.00 29.00 22.00 26.00 29.00 25.00 25.00 31.00 28.00 30.00 23.00 23.00 26.00 26.00 24.00 25.00 23.00 20.00 31.00 28.00 29.00 30.00 50.00 32.00 29.00 21.00 25.00 25.00 22.00 24.00 26.00 31.00 30.00 26.00 23.00 30.00 20.00 30.00 25.00 20.00 23.00 28.00 29.00 21.00 28.00 25.00 24.00 24.00 24.00 23.00 28.00 27.00
36.00 28.00 31.00 24.00 27.00 31.00 33.00 25.00 27.00 33.00 33.00 32.00 35.00 32.00 28.00 28.00 25.00 33.00 21.00 30.00 32.00 36.00 34.00 30.00 27.00 29.00 23.00 36.00 31.00 23.00 38.00 31.00 29.00 26.00 28.00 29.00 32.00 31.00 19.00 32.00 24.00 26.00 24.00 26.00 30.00 29.00 29.00 23.00 26.00 30.00 28.00 34.00 37.00 28.00 32.00 36.00 35.00 37.00 24.00 31.00 32.00 30.00 29.00 25.00 30.00 26.00 33.00 30.00 30.00 35.00 32.00 60.00 29.00 28.00 28.00 34.00 24.00 29.00 30.00 34.00 35.00 31.00 30.00 31.00 28.00 35.00 32.00 27.00 24.00 33.00 36.00 26.00 31.00 33.00 21.00 35.00 29.00 25.00 34.00 28.00
32.00 25.00 26.00 23.00 25.00 29.00 28.00 20.00 18.00 23.00 27.00 27.00 27.00 28.00 24.00 24.00 19.00 29.00 19.00 23.00 20.00 24.00 26.00 22.00 21.00 22.00 19.00 28.00 31.00 20.00 29.00 25.00 33.00 23.00 26.00 18.00 28.00 23.00 15.00 26.00 23.00 22.00 23.00 21.00 22.00 24.00 22.00 23.00 19.00 27.00 22.00 22.00 30.00 21.00 25.00 29.00 25.00 26.00 21.00 29.00 24.00 25.00 25.00 24.00 21.00 20.00 26.00 27.00 24.00 27.00 29.00 29.00 50.00 23.00 25.00 26.00 25.00 24.00 24.00 26.00 31.00 24.00 26.00 26.00 20.00 31.00 22.00 20.00 17.00 26.00 35.00 26.00 28.00 28.00 27.00 29.00 26.00 27.00 29.00 27.00
24.00 25.00 23.00 19.00 22.00 18.00 27.00 12.00 21.00 20.00 26.00 22.00 24.00 25.00 23.00 20.00 19.00 27.00 20.00 20.00 27.00 26.00 26.00 22.00 23.00 16.00 16.00 26.00 24.00 20.00 30.00 19.00 19.00 21.00 26.00 19.00 24.00 26.00 19.00 25.00 15.00 21.00 22.00 22.00 25.00 21.00 22.00 21.00 21.00 23.00 22.00 20.00 22.00 24.00 23.00 23.00 25.00 25.00 21.00 23.00 24.00 22.00 22.00 21.00 21.00 20.00 23.00 19.00 24.00 23.00 21.00 28.00 23.00 45.00 26.00 23.00 19.00 23.00 24.00 25.00 24.00 20.00 25.00 22.00 20.00 26.00 21.00 21.00 25.00 26.00 32.00 23.00 27.00 22.00 19.00 21.00 21.00 24.00 21.00 24.00
28.00 28.00 27.00 19.00 31.00 25.00 35.00 21.00 25.00 27.00 25.00 32.00 32.00 29.00 23.00 28.00 26.00 30.00 24.00 24.00 29.00 32.00 30.00 27.00 22.00 25.00 32.00 29.00 23.00 23.00 31.00 26.00 27.00 31.00 26.00 27.00 29.00 25.00 25.00 27.00 25.00 27.00 24.00 27.00 28.00 32.00 26.00 23.00 29.00 30.00 32.00 25.00 29.00 26.00 25.00 31.00 33.00 30.00 26.00 24.00 23.00 27.00 24.00 25.00 23.00 26.00 22.00 27.00 28.00 32.00 25.00 28.00 25.00 26.00 55.00 23.00 29.00 24.00 27.00 35.00 30.00 29.00 32.00 30.00 23.00 29.00 28.00 26.00 22.00 30.00 32.00 29.00 29.00 29.00 24.00 29.00 28.00 30.00 26.00 30.00
29.00 26.00 30.00 21.00 21.00 28.00 23.00 20.00 20.00 26.00 26.00 28.00 33.00 29.00 23.00 24.00 21.00 28.00 22.00 21.00 22.00 26.00 30.00 21.00 25.00 28.00 16.00 28.00 29.00 24.00 31.00 22.00 27.00 20.00 21.00 22.00 24.00 25.00 18.00 25.00 21.00 24.00 19.00 26.00 22.00 27.00 25.00 23.00 23.00 25.00 24.00 23.00 33.00 23.00 24.00 23.00 34.00 26.00 23.00 22.00 22.00 30.00 24.00 26.00 23.00 22.00 23.00 21.00 26.00 30.00 25.00 34.00 26.00 23.00 23.00 51.00 21.00 22.00 23.00 31.00 29.00 22.00 27.00 25.00 25.00 30.00 26.00 24.00 21.00 27.00 33.00 25.00 26.00 29.00 23.00 26.00 25.00 21.00 30.00 24.00
30.00 28.00 26.00 19.00 25.00 24.00 31.00 20.00 23.00 28.00 24.00 31.00 25.00 24.00 23.00 22.00 24.00 27.00 22.00 17.00 22.00 24.00 24.00 21.00 20.00 28.00 24.00 26.00 22.00 17.00 29.00 22.00 23.00 22.00 27.00 21.00 19.00 17.00 24.00 19.00 24.00 21.00 22.00 21.00 24.00 27.00 21.00 19.00 17.00 24.00 25.00 25.00 25.00 25.00 23.00 27.00 28.00 20.00 16.00 24.00 21.00 24.00 22.00 22.00 16.00 23.00 22.00 24.00 21.00 22.00 22.00 24.00 25.00 19.00 29.00 21.00 48.00 25.00 21.00 29.00 24.00 25.00 28.00 27.00 17.00 25.00 26.00 28.00 19.00 26.00 26.00 27.00 20.00 26.00 19.00 27.00 24.00 25.00 20.00 22.00
34.00 27.00 26.00 21.00 22.00 20.00 29.00 22.00 20.00 23.00 25.00 26.00 31.00 24.00 26.00 25.00 22.00 26.00 24.00 26.00 26.00 30.00 31.00 24.00 22.00 25.00 21.00 29.00 27.00 23.00 28.00 29.00 28.00 22.00 29.00 19.00 27.00 23.00 23.00 23.00 25.00 25.00 20.00 25.00 25.00 30.00 21.00 20.00 15.00 26.00 23.00 25.00 25.00 19.00 30.00 28.00 26.00 29.00 21.00 24.00 22.00 25.00 24.00 20.00 19.00 23.00 29.00 22.00 23.00 26.00 24.00 29.00 24.00 23.00 24.00 22.00 25.00 49.00 28.00 26.00 30.00 23.00 30.00 31.00 22.00 24.00 23.00 28.00 18.00 26.00 29.00 28.00 23.00 23.00 16.00 24.00 22.00 26.00 22.00 20.00
33.00 24.00 23.00 25.00 23.00 27.00 29.00 23.00 25.00 31.00 32.00 32.00 30.00 32.00 28.00 25.00 24.00 32.00 23.00 23.00 28.00 34.00 32.00 27.00 24.00 26.00 22.00 33.00 28.00 28.00 29.00 30.00 33.00 26.00 30.00 22.00 31.00 28.00 24.00 27.00 27.00 26.00 17.00 24.00 29.00 24.00 24.00 17.00 26.00 28.00 27.00 28.00 33.00 28.00 25.00 36.00 30.00 32.00 23.00 29.00 26.00 27.00 28.00 23.00 28.00 26.00 28.00 23.00 27.00 28.00 26.00 30.00 24.00 24.00 27.00 23.00 21.00 28.00 54.00 34.00 30.00 26.00 28.00 29.00 25.00 31.00 23.00 22.00 21.00 32.00 34.00 26.00 26.00 31.00 25.00 29.00 24.00 29.00 28.00 25.00
37.00 30.00 29.00 24.00 31.00 29.00 35.00 28.00 25.00 32.00 33.00 34.00 33.00 29.00 28.00 24.00 27.00 31.00 23.00 30.00 30.00 29.00 33.00 29.00 29.00 31.00 30.00 37.00 31.00 29.00 34.00 30.00 28.00 29.00 29.00 26.00 33.00 28.00 29.00 30.00 32.00 30.00 23.00 24.00 31.00 28.00 28.00 25.00 28.00 33.00 32.00 28.00 31.00 29.00 23.00 36.00 34.00 32.00 22.00 32.00 28.00 33.00 28.00 33.00 24.00 23.00 27.00 24.00 25.00 31.00 31.00 34.00 26.00 25.00 35.00 31.00 29.00 26.00 34.00 60.00 29.00 31.00 34.00 32.00 24.00 32.00 26.00 28.00 23.00 32.00 34.00 24.00 29.00 33.00 26.00 32.00 25.00 29.00 30.00 29.00
35.00 31.00 28.00 27.00 26.00 27.00 34.00 25.00 24.00 27.00 33.00 33.00 33.00 27.00 23.00 31.00 27.00 30.00 25.00 32.00 33.00 35.00 37.00 30.00 22.00 28.00 26.00 28.00 35.00 22.00 29.00 32.00 35.00 27.00 31.00 25.00 28.00 28.00 26.00 29.00 26.00 25.00 24.00 29.00 31.00 30.00 27.00 24.00 21.00 27.00 29.00 25.00 35.00 28.00 26.00 36.00 33.00 30.00 26.00 33.00 30.00 27.00 26.00 23.00 26.00 26.00 29.00 27.00 27.00 33.00 30.00 35.00 31.00 24.00 30.00 29.00 24.00 30.00 30.00 29.00 58.00 29.00 27.00 30.00 23.00 28.00 28.00 26.00 22.00 30.00 37.00 33.00 29.00 32.00 22.00 32.00 28.00 34.00 33.00 22.00
32.00 31.00 22.00 25.00 27.00 26.00 31.00 22.00 24.00 29.00 29.00 30.00 28.00 28.00 23.00 18.00 26.00 29.00 21.00 25.00 22.00 27.00 30.00 28.00 23.00 31.00 26.00 26.00 29.00 20.00 28.00 24.00 28.00 23.00 24.00 26.00 26.00 25.00 23.00 24.00 22.00 25.00 23.00 22.00 26.00 25.00 28.00 17.00 21.00 26.00 27.00 27.00 28.00 23.00 22.00 28.00 32.00 28.00 22.00 29.00 27.00 23.00 24.00 22.00 19.00 24.00 23.00 20.00 28.00 26.00 26.00 31.00 24.00 20.00 29.00 22.00 25.00 23.00 26.00 31.00 29.00 51.00 27.00 28.00 25.00 29.00 25.00 20.00 17.00 25.00 29.00 23.00 27.00 25.00 23.00 25.00 24.00 24.00 24.00 21.00
34.00 28.00 22.00 22.00 27.00 22.00 30.00 24.00 19.00 27.00 29.00 33.00 28.00 31.00 27.00 28.00 24.00 29.00 28.00 17.00 23.00 33.00 29.00 29.00 22.00 30.00 30.00 33.00 30.00 24.00 32.00 26.00 26.00 23.00 32.00 23.00 25.00 24.00 24.00 26.00 26.00 28.00 23.00 28.00 25.00 28.00 30.00 24.00 24.00 29.00 31.00 26.00 30.00 26.00 26.00 36.00 28.00 28.00 24.00 28.00 25.00 25.00 20.00 25.00 22.00 25.00 26.00 22.00 25.00 29.00 23.00 30.00 26.00 25.00 32.00 27.00 28.00 30.00 28.00 34.00 27.00 27.00 54.00 30.00 21.00 31.00 25.00 26.00 24.00 27.00 31.00 26.00 26.00 28.00 24.00 27.00 28.00 29.00 19.00 23.00
35.00 30.00 27.00 26.00 24.00 23.00 32.00 19.00 21.00 28.00 32.00 32.00 31.00 27.00 26.00 29.00 22.00 30.00 25.00 23.00 30.00 31.00 32.00 26.00 32.00 31.00 26.00 38.00 29.00 23.00 34.00 34.00 29.00 24.00 27.00 30.00 31.00 22.00 27.00 27.00 24.00 29.00 23.00 26.00 28.00 30.00 24.00 16.00 21.00 28.00 25.00 28.00 30.00 24.00 30.00 31.00 33.00 32.00 23.00 27.00 24.00 28.00 27.00 23.00 23.00 24.00 27.00 20.00 28.00 32.00 30.00 31.00 26.00 22.00 30.00 25.00 27.00 31.00 29.00 32.00 30.00 28.00 30.00 56.00 29.00 35.00 31.00 24.00 24.00 30.00 33.00 23.00 27.00 24.00 25.00 26.00 33.00 26.00 25.00 28.00
29.00 24.00 21.00 23.00 18.00 25.00 25.00 24.00 18.00 25.00 29.00 29.00 30.00 25.00 21.00 22.00 16.00 26.00 20.00 20.00 24.00 24.00 24.00 20.00 24.00 26.00 19.00 33.00 20.00 22.00 26.00 29.00 24.00 20.00 18.00 26.00 26.00 18.00 15.00 27.00 19.00 25.00 18.00 24.00 27.00 26.00 24.00 21.00 20.00 22.00 20.00 18.00 27.00 23.00 28.00 24.00 27.00 28.00 21.00 22.00 21.00 23.00 23.00 20.00 18.00 22.00 22.00 17.00 24.00 24.00 20.00 28.00 20.00 20.00 23.00 25.00 17.00 22.00 25.00 24.00 23.00 25.00 21.00 29.00 48.00 28.00 25.00 20.00 19.00 23.00 26.00 23.00 21.00 24.00 22.00 24.00 28.00 23.00 26.00 22.00
32.00 33.00 30.00 26.00 28.00 27.00 32.00 21.00 29.00 33.00 31.00 31.00 36.00 34.00 27.00 27.00 23.00 32.00 25.00 24.00 28.00 33.00 31.00 29.00 30.00 30.00 21.00 36.00 36.00 27.00 36.00 32.00 31.00 25.00 29.00 30.00 29.00 30.00 19.00 30.00 28.00 26.00 25.00 24.00 27.00 30.00 35.00 20.00 27.00 35.00 31.00 25.00 34.00 32.00 28.00 30.00 33.00 32.00 25.00 33.00 26.00 29.00 27.00 24.00 31.00 29.00 30.00 25.00 27.00 34.00 30.00 35.00 31.00 26.00 29.00 30.00 25.00 24.00 31.00 32.00 28.00 29.00 31.00 35.00 28.00 58.00 30.00 26.00 23.00 32.00 38.00 25.00 31.00 36.00 27.00 31.00 26.00 30.00 28.00 28.00
26.00 28.00 27.00 21.00 21.00 24.00 28.00 20.00 26.00 27.00 27.00 24.00 27.00 25.00 24.00 29.00 21.00 26.00 19.00 26.00 26.00 29.00 27.00 25.00 23.00 26.00 22.00 29.00 25.00 22.00 24.00 23.00 23.00 20.00 23.00 25.00 26.00 19.00 19.00 28.00 21.00 23.00 27.00 24.00 29.00 30.00 24.00 21.00 23.00 27.00 27.00 26.00 32.00 30.00 27.00 27.00 33.00 29.00 21.00 31.00 23.00 20.00 28.00 21.00 24.00 26.00 24.00 23.00 26.00 27.00 25.00 32.00 22.00 21.00 28.00 26.00 26.00 23.00 23.00 26.00 28.00 25.00 25.00 31.00 25.00 30.00 51.00 26.00 19.00 31.00 30.00 23.00 27.00 28.00 22.00 25.00 28.00 23.00 29.00 25.00
30.00 25.00 29.00 18.00 25.00 24.00 27.00 21.00 24.00 21.00 24.00 26.00 29.00 26.00 23.00 20.00 24.00 23.00 19.00 20.00 25.00 31.00 29.00 26.00 22.00 24.00 22.00 27.00 25.00 23.00 34.00 23.00 27.00 24.00 25.00 19.00 25.00 22.00 23.00 23.00 22.00 26.00 21.00 24.00 28.00 28.00 24.00 18.00 18.00 28.00 25.00 20.00 30.00 30.00 27.00 26.00 28.00 27.00 14.00 26.00 24.00 24.00 22.00 26.00 23.00 26.00 25.00 24.00 21.00 27.00 20.00 27.00 20.00 21.00 26.00 24.00 28.00 28.00 22.00 28.00 26.00 20.00 26.00 24.00 20.00 26.00 26.00 50.00 21.00 30.00 28.00 24.00 24.00 26.00 18.00 25.00 24.00 22.00 27.00 21.00
23.00 17.00 17.00 20.00 20.00 17.00 23.00 13.00 25.00 21.00 18.00 20.00 21.00 22.00 22.00 19.00 20.00 23.00 16.00 17.00 23.00 23.00 27.00 21.00 22.00 20.00 17.00 25.00 23.00 18.00 26.00 21.00 19.00 19.00 24.00 22.00 21.00 20.00 17.00 21.00 14.00 19.00 16.00 19.00 18.00 19.00 22.00 21.00 21.00 23.00 19.00 15.00 23.00 24.00 21.00 19.00 25.00 20.00 17.00 21.00 19.00 20.00 19.00 17.00 21.00 23.00 15.00 17.00 23.00 26.00 23.00 24.00 17.00 25.00 22.00 21.00 19.00 18.00 21.00 23.00 22.00 17.00 24.00 24.00 19.00 23.00 19.00 21.00 41.00 26.00 23.00 13.00 26.00 19.00 22.00 19.00 22.00 18.00 19.00 18.00
32.00 27.00 29.00 23.00 25.00 25.00 35.00 23.00 32.00 26.00 23.00 30.00 31.00 29.00 32.00 25.00 26.00 33.00 20.00 28.00 25.00 32.00 31.00 31.00 29.00 25.00 23.00 31.00 25.00 27.00 32.00 29.00 30.00 24.00 29.00 27.00 28.00 31.00 22.00 24.00 25.00 27.00 25.00 26.00 28.00 34.00 27.00 27.00 27.00 31.00 27.00 30.00 32.00 31.00 27.00 32.00 32.00 29.00 24.00 30.00 27.00 28.00 28.00 29.00 23.00 25.00 32.00 26.00 25.00 29.00 28.00 33.00 26.00 26.00 30.00 27.00 26.00 26.00 32.00 32.00 30.00 25.00 27.00 30.00 23.00 32.00 31.00 30.00 26.00 56.00 39.00 26.00 31.00 32.00 24.00 29.00 27.00 26.00 30.00 26.00
37.00 28.00 35.00 25.00 31.00 32.00 33.00 23.00 24.00 29.00 30.00 33.00 35.00 32.00 31.00 28.00 26.00 33.00 22.00 29.00 29.00 33.00 35.00 30.00 32.00 27.00 24.00 33.00 32.00 28.00 36.00 32.00 35.00 28.00 33.00 28.00 29.00 31.00 26.00 29.00 27.00 26.00 25.00 31.00 32.00 33.00 28.00 24.00 28.00 31.00 30.00 27.00 36.00 32.00 31.00 33.00 33.00 34.00 25.00 31.00 31.00 27.00 29.00 31.00 27.00 29.00 31.00 27.00 28.00 30.00 29.00 36.00 35.00 32.00 32.00 33.00 26.00 29.00 34.00 34.00 37.00 29.00 31.00 33.00 26.00 38.00 30.00 28.00 23.00 39.00 61.00 31.00 32.00 37.00 31.00 32.00 30.00 28.00 33.00 30.00
30.00 29.00 25.00 21.00 25.00 27.00 27.00 24.00 21.00 23.00 25.00 30.00 29.00 23.00 16.00 23.00 21.00 26.00 22.00 24.00 24.00 26.00 28.00 20.00 20.00 27.00 19.00 28.00 24.00 16.00 24.00 28.00 25.00 18.00 28.00 20.00 28.00 22.00 19.00 27.00 23.00 21.00 24.00 25.00 29.00 27.00 25.00 25.00 19.00 21.00 25.00 25.00 28.00 23.00 21.00 31.00 26.00 25.00 21.00 23.00 21.00 22.00 24.00 20.00 19.00 20.00 27.00 23.00 23.00 24.00 21.00 26.00 26.00 23.00 29.00 25.00 27.00 28.00 26.00 24.00 33.00 23.00 26.00 23.00 23.00 25.00 23.00 24.00 13.00 26.00 31.00 49.00 24.00 26.00 22.00 25.00 26.00 26.00 23.00 24.00
25.00 27.00 25.00 20.00 22.00 22.00 30.00 19.00 29.00 27.00 23.00 28.00 26.00 27.00 24.00 25.00 23.00 28.00 19.00 26.00 27.00 29.00 28.00 30.00 30.00 25.00 22.00 30.00 29.00 24.00 28.00 24.00 26.00 25.00 27.00 22.00 28.00 28.00 19.00 26.00 25.00 23.00 23.00 27.00 28.00 27.00 28.00 27.00 23.00 27.00 23.00 25.00 32.00 25.00 25.00 27.00 28.00 30.00 23.00 28.00 27.00 25.00 27.00 23.00 23.00 26.00 22.00 24.00 25.00 32.00 28.00 31.00 28.00 27.00 29.00 26.00 20.00 23.00 26.00 29.00 29.00 27.00 26.00 27.00 21.00 31.00 27.00 24.00 26.00 31.00 32.00 24.00 52.00 28.00 22.00 25.00 24.00 26.00 28.00 27.00
31.00 25.00 31.00 25.00 25.00 31.00 33.00 26.00 25.00 33.00 27.00 31.00 35.00 28.00 30.00 28.00 27.00 34.00 23.00 26.00 21.00 27.00 29.00 26.00 22.00 29.00 24.00 27.00 26.00 28.00 33.00 28.00 31.00 26.00 26.00 23.00 29.00 28.00 21.00 24.00 29.00 19.00 25.00 26.00 25.00 28.00 28.00 28.00 27.00 28.00 28.00 27.00 32.00 30.00 26.00 33.00 34.00 29.00 21.00 31.00 24.00 25.00 28.00 25.00 30.00 28.00 29.00 24.00 23.00 29.00 25.00 33.00 28.00 22.00 29.00 29.00 26.00 23.00 31.00 33.00 32.00 25.00 28.00 24.00 24.00 36.00 28.00 26.00 19.00 32.00 37.00 26.00 28.00 56.00 28.00 29.00 22.00 33.00 33.00 28.00
22.00 21.00 19.00 23.00 26.00 28.00 26.00 18.00 19.00 26.00 24.00 25.00 25.00 27.00 22.00 25.00 21.00 26.00 15.00 19.00 19.00 20.00 27.00 20.00 25.00 21.00 19.00 25.00 22.00 21.00 28.00 25.00 26.00 23.00 24.00 23.00 25.00 24.00 19.00 23.00 20.00 20.00 20.00 25.00 21.00 22.00 21.00 23.00 21.00 22.00 23.00 17.00 27.00 21.00 24.00 25.00 24.00 21.00 20.00 25.00 19.00 19.00 23.00 22.00 19.00 20.00 19.00 18.00 26.00 22.00 24.00 21.00 27.00 19.00 24.00 23.00 19.00 16.00 25.00 26.00 22.00 23.00 24.00 25.00 22.00 27.00 22.00 18.00 22.00 24.00 31.00 22.00 22.00 28.00 46.00 27.00 28.00 19.00 24.00 25.00
34.00 30.00 28.00 23.00 25.00 25.00 35.00 24.00 24.00 31.00 33.00 35.00 26.00 31.00 23.00 27.00 25.00 35.00 27.00 26.00 27.00 34.00 32.00 30.00 23.00 24.00 27.00 32.00 29.00 20.00 31.00 30.00 24.00 25.00 27.00 27.00 28.00 25.00 20.00 24.00 25.00 20.00 22.00 28.00 27.00 27.00 23.00 24.00 21.00 32.00 24.00 24.00 34.00 24.00 28.00 32.00 31.00 30.00 20.00 30.00 27.00 27.00 22.00 22.00 21.00 23.00 24.00 30.00 28.00 25.00 24.00 35.00 29.00 21.00 29.00 26.00 27.00 24.00 29.00 32.00 32.00 25.00 27.00 26.00 24.00 31.00 25.00 25.00 19.00 29.00 32.00 25.00 25.00 29.00 27.00 55.00 28.00 27.00 30.00 22.00
28.00 26.00 26.00 25.00 24.00 30.00 28.00 20.00 22.00 28.00 30.00 30.00 29.00 29.00 20.00 30.00 19.00 28.00 23.00 17.00 27.00 28.00 31.00 25.00 23.00 26.00 26.00 32.00 23.00 23.00 31.00 27.00 28.00 17.00 28.00 24.00 28.00 21.00 19.00 25.00 19.00 27.00 22.00 28.00 28.00 31.00 27.00 22.00 23.00 22.00 27.00 24.00 28.00 27.00 30.00 28.00 30.00 28.00 20.00 27.00 26.00 19.00 25.00 24.00 21.00 26.00 26.00 23.00 29.00 24.00 24.00 29.00 26.00 21.00 28.00 25.00 24.00 22.00 24.00 25.00 28.00 24.00 28.00 33.00 28.00 26.00 28.00 24.00 22.00 27.00 30.00 26.00 24.00 22.00 28.00 28.00 52.00 22.00 27.00 21.00
28.00 27.00 22.00 19.00 22.00 22.00 27.00 28.00 21.00 25.00 31.00 33.00 23.00 28.00 22.00 27.00 23.00 33.00 25.00 23.00 25.00 25.00 29.00 22.00 21.00 26.00 27.00 31.00 27.00 21.00 32.00 25.00 24.00 23.00 25.00 21.00 28.00 25.00 22.00 19.00 26.00 26.00 17.00 28.00 25.00 29.00 21.00 21.00 22.00 28.00 29.00 22.00 23.00 23.00 27.00 32.00 28.00 26.00 24.00 27.00 20.00 25.00 25.00 20.00 24.00 22.00 23.00 22.00 20.00 25.00 23.00 25.00 27.00 24.00 30.00 21.00 25.00 26.00 29.00 29.00 34.00 24.00 29.00 26.00 23.00 30.00 23.00 22.00 18.00 26.00 28.00 26.00 26.00 33.00 19.00 27.00 22.00 51.00 24.00 23.00
28.00 22.00 33.00 26.00 24.00 32.00 29.00 21.00 27.00 25.00 27.00 28.00 30.00 28.00 26.00 25.00 26.00 25.00 19.00 29.00 27.00 28.00 28.00 27.00 25.00 25.00 21.00 27.00 28.00 26.00 30.00 28.00 32.00 24.00 23.00 20.00 28.00 22.00 19.00 23.00 23.00 25.00 22.00 22.00 28.00 28.00 22.00 23.00 19.00 28.00 22.00 25.00 34.00 24.00 25.00 27.00 33.00 33.00 20.00 31.00 27.00 26.00 27.00 27.00 28.00 25.00 27.00 24.00 29.00 30.00 28.00 34.00 29.00 21.00 26.00 30.00 20.00 22.00 28.00 30.00 33.00 24.00 19.00 25.00 26.00 28.00 29.00 27.00 19.00 30.00 33.00 23.00 28.00 33.00 24.00 30.00 27.00 24.00 54.00 26.00
26.00 22.00 25.00 18.00 22.00 22.00 28.00 19.00 24.00 25.00 21.00 27.00 27.00 28.00 21.00 21.00 16.00 26.00 19.00 21.00 26.00 26.00 26.00 17.00 24.00 26.00 19.00 31.00 21.00 23.00 26.00 27.00 28.00 26.00 20.00 19.00 26.00 24.00 20.00 25.00 24.00 19.00 18.00 19.00 25.00 25.00 24.00 24.00 22.00 29.00 25.00 26.00 28.00 25.00 26.00 29.00 28.00 32.00 22.00 26.00 20.00 20.00 29.00 27.00 24.00 23.00 22.00 21.00 23.00 31.00 27.00 28.00 27.00 24.00 30.00 24.00 22.00 20.00 25.00 29.00 22.00 21.00 23.00 28.00 22.00 28.00 25.00 21.00 18.00 26.00 30.00 24.00 27.00 28.00 25.00 22.00 21.00 23.00 26.00 50.00
149199.00 133467.00 130518.00 111548.00 121660.00 126169.00 148709.00 105245.00 120201.00 132792.00 135133.00 146262.00 145766.00 139204.00 120195.00 123411.00 113493.00 141910.00 107717.00 118551.00 129314.00 144005.00 148649.00 127820.00 119212.00 128618.00 113320.00 148588.00 134450.00 114657.00 149361.00 135159.00 138243.00 119140.00 130158.00 115446.00 135453.00 125410.00 105320.00 126231.00 119138.00 120511.00 108985.00 122281.00 134364.00 137647.00 130573.00 109983.00 111270.00 138101.00 129734.00 124916.00 148967.00 130104.00 132054.00 146355.00 147913.00 144103.00 107961.00 138949.00 122796.00 125547.00 124923.00 121141.00 117879.00 120642.00 128183.00 117891.00 127169.00 141629.00 129866.00 153117.00 128569.00 116461.00 140610.00 128790.00 119410.00 125005.00 138559.00 149670.00 146840.00 128072.00 136912.00 141251.00 118516.00 149957.00 131453.00 124931.00 105698.00 145264.00 157742.00 124460.00 134878.00 142650.00 117220.00 137186.00 131219.00 128850.00 136109.00 126135.00